   SI----------
 Energy     S        S^+       S^++      S^3+      S^4+      S^5+      S^6+      S^7+      S^8+      S^9+     S^10+     S^11+     S^12+     S^13+     S^14+     S^15+     S^16+
      1 4.470E-17 6.410E-19 5.240E-19 3.730E-19 3.100E-19 1.940E-19 1.280E-19 1.910E-19 1.980E-19 2.640E-19 3.690E-19 5.390E-19 8.010E-19 8.440E-19 7.520E-19 1.610E-19 1.800E-20
     10 9.830E-17 2.080E-17 8.610E-18 4.350E-18 2.790E-18 1.930E-18 1.840E-18 1.650E-18 1.550E-18 1.350E-18 1.370E-18 1.260E-18 1.110E-18 1.040E-18 7.600E-19 8.220E-19 4.840E-19
     50 3.160E-16 2.950E-16 3.540E-16 4.300E-16 4.060E-16 3.820E-16 2.040E-16 1.860E-16 1.700E-16 1.570E-16 1.460E-16 1.360E-16 1.270E-16 1.200E-16 2.470E-16 1.060E-16 1.010E-16
     75 3.380E-16 3.660E-16 5.420E-16 7.660E-16 6.870E-16 1.070E-15 9.170E-16 1.040E-15 5.810E-16 5.750E-16 5.660E-16 5.530E-16 5.390E-16 5.220E-16 1.060E-15 4.740E-16 4.690E-16
    100 3.330E-16 3.760E-16 5.940E-16 8.910E-16 1.270E-15 1.490E-15 1.520E-15 1.810E-15 2.110E-15 1.250E-15 1.280E-15 1.310E-15 1.330E-15 1.360E-15 1.370E-15 1.230E-15 1.390E-15
    200 2.960E-16 3.300E-16 5.200E-16 8.130E-16 1.040E-15 1.620E-15 1.950E-15 2.480E-15 3.060E-15 3.180E-15 3.050E-15 3.510E-15 3.980E-15 4.460E-15 4.950E-15 3.790E-15 6.010E-15
    500 2.350E-16 2.570E-16 3.710E-16 5.340E-16 7.490E-16 1.170E-15 1.610E-15 2.100E-15 2.670E-15 3.090E-15 3.480E-15 4.130E-15 4.810E-15 5.500E-15 6.230E-15 2.960E-15 7.810E-15
   1000 1.890E-16 2.030E-16 2.840E-16 3.710E-16 4.980E-16 7.510E-16 1.020E-15 1.350E-15 1.700E-15 2.100E-15 2.560E-15 3.030E-15 3.530E-15 4.060E-15 4.630E-15 2.070E-15 5.850E-15
   2000 1.470E-16 1.580E-16 2.000E-16 2.550E-16 3.340E-16 4.670E-16 6.290E-16 8.230E-16 1.040E-15 1.290E-15 1.560E-15 1.850E-15 2.160E-15 2.500E-15 2.850E-15 1.350E-15 3.640E-15
   DI----------
 Energy     S        S^+       S^++      S^3+      S^4+      S^5+      S^6+      S^7+      S^8+      S^9+     S^10+     S^11+     S^12+     S^13+     S^14+     S^15+     S^16+
      1 5.490E-19 0.000E+00 0.000E+00 0.000E+00 0.000E+00 0.000E+00 0.000E+00 0.000E+00 0.000E+00 0.000E+00 0.000E+00 0.000E+00 0.000E+00 0.000E+00 0.000E+00 0.000E+00 0.000E+00
     10 1.090E-17 1.710E-18 2.850E-19 6.460E-20 1.800E-20 2.470E-20 4.270E-21 3.180E-21 3.880E-21 2.230E-21 2.330E-21 1.390E-21 1.490E-21 5.150E-22 5.750E-22 1.580E-22 0.000E+00
     50 1.030E-16 8.880E-17 6.280E-17 3.600E-17 1.850E-17 8.080E-18 3.460E-18 1.700E-18 6.280E-19 6.860E-19 2.570E-19 3.850E-19 2.070E-19 1.110E-19 1.980E-19 9.090E-20 8.780E-20
     75 1.440E-16 1.510E-16 1.390E-16 1.170E-16 8.760E-17 5.840E-17 4.120E-17 2.720E-17 1.790E-17 1.140E-17 9.420E-18 6.670E-18 4.830E-18 3.590E-18 3.290E-18 3.060E-18 1.930E-18
    100 1.560E-16 1.750E-16 1.830E-16 1.830E-16 1.750E-16 1.630E-16 1.440E-16 1.250E-16 1.020E-16 8.330E-17 6.820E-17 5.280E-17 4.080E-17 3.670E-17 3.040E-17 2.470E-17 2.120E-17
    200 1.390E-16 1.620E-16 1.890E-16 2.320E-16 2.830E-16 3.590E-16 4.260E-16 4.780E-16 5.350E-16 5.810E-16 6.110E-16 6.390E-16 6.670E-16 6.730E-16 6.790E-16 6.740E-16 6.670E-16
    500 8.300E-17 9.370E-17 1.090E-16 1.310E-16 1.730E-16 2.360E-16 3.080E-16 4.110E-16 5.110E-16 6.090E-16 7.030E-16 7.860E-16 8.930E-16 1.010E-15 1.130E-15 1.260E-15 1.400E-15
   1000 5.070E-17 5.660E-17 6.510E-17 7.500E-17 9.320E-17 1.210E-16 1.660E-16 2.230E-16 2.970E-16 3.730E-16 4.470E-16 5.280E-16 6.120E-16 7.130E-16 8.200E-16 9.310E-16 1.050E-15
   2000 2.970E-17 3.230E-17 3.530E-17 4.010E-17 4.370E-17 5.470E-17 7.320E-17 1.010E-16 1.380E-16 1.800E-16 2.290E-16 2.830E-16 3.430E-16 4.070E-16 4.760E-16 5.500E-16 5.860E-16
   TI----------
 Energy     S        S^+       S^++      S^3+      S^4+      S^5+      S^6+      S^7+      S^8+      S^9+     S^10+     S^11+     S^12+     S^13+     S^14+     S^15+     S^16+
      1 0.000E+00 1.060E-18 5.020E-19 2.540E-19 2.390E-19 1.940E-19 1.550E-19 1.230E-19 1.420E-19 2.170E-19 1.780E-19 2.440E-19 2.720E-19 2.150E-19 2.300E-19 1.610E-19 2.250E-20
     10 0.000E+00 3.910E-17 1.750E-17 9.500E-18 5.870E-18 3.980E-18 3.470E-18 3.270E-18 2.820E-18 2.930E-18 2.650E-18 2.690E-18 2.490E-18 2.020E-18 1.570E-18 1.260E-18 1.050E-18
     50 0.000E+00 1.370E-16 1.720E-16 1.990E-16 1.970E-16 1.740E-16 1.460E-16 1.230E-16 9.880E-17 8.290E-17 6.920E-17 5.990E-17 5.480E-17 4.770E-17 4.240E-17 4.080E-17 3.760E-17
     75 0.000E+00 1.010E-16 1.520E-16 2.170E-16 2.870E-16 3.340E-16 3.520E-16 3.440E-16 3.280E-16 3.040E-16 2.770E-16 2.560E-16 2.360E-16 2.110E-16 1.920E-16 1.760E-16 1.620E-16
    100 0.000E+00 6.660E-17 1.050E-16 1.680E-16 2.510E-16 3.560E-16 4.460E-16 5.120E-16 5.580E-16 5.870E-16 6.000E-16 5.880E-16 5.880E-16 5.440E-16 5.440E-16 5.190E-16 5.110E-16
    200 0.000E+00 1.640E-17 2.480E-17 4.000E-17 6.590E-17 1.040E-16 1.590E-16 2.220E-16 2.800E-16 3.650E-16 4.350E-16 5.130E-16 6.070E-16 6.920E-16 7.710E-16 8.600E-16 9.550E-16
    500 0.000E+00 1.370E-18 2.040E-18 2.300E-18 3.120E-18 4.790E-18 7.060E-18 1.100E-17 1.480E-17 2.010E-17 2.580E-17 3.490E-17 4.070E-17 5.080E-17 5.890E-17 6.820E-17 8.380E-17
   1000 0.000E+00 1.660E-19 1.870E-19 2.150E-19 2.780E-19 3.460E-19 4.790E-19 6.690E-19 1.010E-18 1.410E-18 1.910E-18 2.660E-18 3.260E-18 3.670E-18 4.510E-18 5.260E-18 6.210E-18
   2000 0.000E+00 1.910E-20 2.100E-20 2.660E-20 2.310E-20 2.230E-20 2.800E-20 4.970E-20 7.140E-20 1.020E-19 1.500E-19 1.830E-19 2.220E-19 2.770E-19 3.210E-19 4.240E-19 4.290E-19
 DCAI----------
 Energy     S        S^+       S^++      S^3+      S^4+      S^5+      S^6+      S^7+      S^8+      S^9+     S^10+     S^11+     S^12+     S^13+     S^14+     S^15+     S^16+
      1 0.000E+00 0.000E+00 5.070E-20 1.270E-19 2.460E-19 5.160E-18 1.190E-16 1.910E-15 3.810E-15 4.250E-15 4.690E-15 5.200E-15 5.730E-15 6.310E-15 6.880E-15 7.470E-15 8.080E-15
     10 0.000E+00 0.000E+00 6.780E-19 5.040E-18 6.270E-18 2.350E-17 2.160E-16 1.770E-15 2.620E-15 3.080E-15 3.530E-15 4.010E-15 4.470E-15 4.950E-15 5.420E-15 5.890E-15 6.350E-15
     50 0.000E+00 0.000E+00 3.320E-18 4.010E-17 9.320E-17 2.320E-16 5.610E-16 1.210E-15 1.810E-15 2.150E-15 2.550E-15 2.870E-15 3.230E-15 3.580E-15 3.900E-15 4.290E-15 4.620E-15
     75 0.000E+00 0.000E+00 4.490E-18 1.930E-17 6.130E-17 1.670E-16 3.990E-16 8.050E-16 1.290E-15 1.610E-15 1.950E-15 2.280E-15 2.620E-15 2.980E-15 3.320E-15 3.670E-15 4.050E-15
    100 0.000E+00 0.000E+00 3.200E-18 5.460E-18 1.860E-17 6.340E-17 1.670E-16 4.040E-16 6.580E-16 9.500E-16 1.240E-15 1.550E-15 1.880E-15 2.180E-15 2.510E-15 2.840E-15 3.210E-15
    200 0.000E+00 0.000E+00 3.990E-20 1.580E-19 5.820E-19 2.390E-18 7.780E-18 1.840E-17 3.810E-17 6.770E-17 1.020E-16 1.260E-16 1.580E-16 2.070E-16 2.580E-16 3.160E-16 3.740E-16
    500 0.000E+00 0.000E+00 0.000E+00 0.000E+00 0.000E+00 3.720E-20 1.330E-20 6.350E-20 1.680E-19 3.760E-19 3.520E-19 8.350E-19 9.460E-19 1.130E-18 1.580E-18 2.200E-18 2.390E-18
   1000 0.000E+00 0.000E+00 0.000E+00 0.000E+00 0.000E+00 0.000E+00 0.000E+00 0.000E+00 0.000E+00 0.000E+00 0.000E+00 0.000E+00 5.950E-21 6.900E-21 2.030E-20 2.430E-21 2.030E-20
   2000 0.000E+00 0.000E+00 0.000E+00 0.000E+00 0.000E+00 0.000E+00 0.000E+00 0.000E+00 0.000E+00 0.000E+00 0.000E+00 0.000E+00 0.000E+00 0.000E+00 0.000E+00 0.000E+00 0.000E+00
   SS----------
 Energy     S        S^+       S^++      S^3+      S^4+      S^5+      S^6+      S^7+      S^8+      S^9+     S^10+     S^11+     S^12+     S^13+     S^14+     S^15+     S^16+
      1 5.710E-17 6.350E-18 2.020E-18 7.430E-19 3.550E-20 6.550E-21 0.000E+00 0.000E+00 0.000E+00 0.000E+00 0.000E+00 0.000E+00 0.000E+00 0.000E+00 0.000E+00 0.000E+00 0.000E+00
     10 3.120E-16 1.140E-16 3.360E-17 8.470E-18 9.190E-19 1.760E-19 1.040E-21 2.710E-22 4.750E-23 0.000E+00 0.000E+00 0.000E+00 0.000E+00 0.000E+00 0.000E+00 0.000E+00 0.000E+00
     50 2.640E-16 1.450E-16 8.990E-17 4.840E-17 1.290E-17 3.550E-18 1.890E-19 8.130E-20 3.280E-20 1.060E-20 4.400E-21 1.730E-21 4.700E-22 1.630E-22 0.000E+00 0.000E+00 0.000E+00
     75 2.360E-16 1.290E-16 8.360E-17 4.790E-17 1.550E-17 5.320E-18 4.270E-19 1.800E-19 8.040E-20 2.930E-20 1.340E-20 5.830E-21 1.930E-21 6.180E-22 0.000E+00 0.000E+00 0.000E+00
    100 2.170E-16 1.170E-16 7.410E-17 4.420E-17 1.650E-17 6.180E-18 7.640E-19 3.660E-19 1.590E-19 5.920E-20 2.730E-20 1.250E-20 4.120E-21 1.460E-21 0.000E+00 0.000E+00 0.000E+00
    200 1.720E-16 8.750E-17 5.470E-17 3.340E-17 1.420E-17 5.640E-18 2.540E-18 1.340E-18 6.890E-19 3.080E-19 1.540E-19 7.250E-20 2.190E-20 9.250E-21 8.510E-24 0.000E+00 0.000E+00
    500 1.170E-16 5.420E-17 3.210E-17 1.870E-17 8.350E-18 3.400E-18 4.660E-18 3.070E-18 2.030E-18 1.170E-18 6.950E-19 3.760E-19 1.570E-19 6.160E-20 1.540E-22 0.000E+00 0.000E+00
   1000 8.200E-17 3.580E-17 1.970E-17 1.100E-17 5.010E-18 2.060E-18 3.820E-18 2.750E-18 1.980E-18 1.310E-18 8.600E-19 5.270E-19 2.280E-19 1.150E-19 1.010E-21 3.090E-22 0.000E+00
   2000 5.640E-17 2.190E-17 1.180E-17 6.340E-18 2.780E-18 1.090E-18 2.510E-18 1.860E-18 1.350E-18 9.080E-19 6.290E-19 4.050E-19 2.270E-19 1.020E-19 4.480E-21 1.650E-21 0.000E+00
   DS----------
 Energy     S        S^+       S^++      S^3+      S^4+      S^5+      S^6+      S^7+      S^8+      S^9+     S^10+     S^11+     S^12+     S^13+     S^14+     S^15+     S^16+
      1 3.770E-20 1.500E-22 2.550E-22 0.000E+00 0.000E+00 0.000E+00 0.000E+00 0.000E+00 0.000E+00 0.000E+00 0.000E+00 0.000E+00 0.000E+00 0.000E+00 0.000E+00 0.000E+00 0.000E+00
     10 6.840E-18 1.040E-18 9.010E-20 1.990E-20 3.520E-21 0.000E+00 0.000E+00 0.000E+00 0.000E+00 0.000E+00 0.000E+00 0.000E+00 0.000E+00 0.000E+00 0.000E+00 0.000E+00 0.000E+00
     50 1.190E-17 5.910E-18 1.980E-18 5.030E-19 7.370E-20 7.940E-22 0.000E+00 0.000E+00 0.000E+00 0.000E+00 0.000E+00 0.000E+00 0.000E+00 0.000E+00 0.000E+00 0.000E+00 0.000E+00
     75 1.040E-17 6.020E-18 2.620E-18 7.420E-19 1.610E-19 1.630E-21 0.000E+00 0.000E+00 0.000E+00 0.000E+00 0.000E+00 0.000E+00 0.000E+00 0.000E+00 0.000E+00 0.000E+00 0.000E+00
    100 8.940E-18 5.790E-18 2.410E-18 8.630E-19 1.900E-19 3.850E-21 5.460E-22 6.000E-22 1.050E-22 0.000E+00 3.560E-24 0.000E+00 6.600E-24 0.000E+00 0.000E+00 0.000E+00 0.000E+00
    200 6.480E-18 4.200E-18 1.940E-18 7.140E-19 1.940E-19 1.130E-20 6.400E-21 6.100E-21 1.490E-21 3.310E-22 1.690E-22 1.130E-22 1.780E-23 0.000E+00 0.000E+00 0.000E+00 0.000E+00
    500 3.310E-18 2.320E-18 1.100E-18 3.380E-19 1.070E-19 2.000E-20 5.130E-20 4.350E-20 1.410E-20 7.170E-21 2.630E-21 7.590E-22 2.640E-22 0.000E+00 0.000E+00 0.000E+00 0.000E+00
   1000 1.830E-18 1.150E-18 5.010E-19 1.530E-19 4.340E-20 1.230E-20 6.430E-20 4.990E-20 2.810E-20 1.480E-20 7.650E-21 2.330E-21 7.290E-22 8.410E-24 0.000E+00 0.000E+00 0.000E+00
   2000 8.980E-20 5.400E-19 2.160E-19 7.730E-20 1.340E-20 5.510E-21 3.950E-20 2.700E-20 2.280E-20 1.250E-20 6.180E-21 2.870E-21 8.080E-22 7.330E-23 0.000E+00 0.000E+00 0.000E+00
