 #!    Altitude [km]	     H2 Density [cm^-3]	      Pressure [mBar]
   200.00000000000000        4659997341382819.0       0.134893775    
   202.00000000000000        4330000000000000.0       0.126040295    
   204.00000000000000        4031345160000000.0       0.117806576    
   206.00000000000000        3774219690000000.0       0.110659227    
   208.00000000000000        3530000070000000.0       0.103876047    
   210.00000000000000        3279339330000000.0        9.69845280E-02
   212.00000000000000        3040000130000000.0        9.03932601E-02
   214.00000000000000        2831974470000000.0        8.46502781E-02
   216.00000000000000        2647058410000000.0        7.95479715E-02
   218.00000000000000        2469999990000000.0        7.46813044E-02
   220.00000000000000        2290740940000000.0        6.97890595E-02
   222.00000000000000        2120000020000000.0        6.50778487E-02
   224.00000000000000        1969318880000000.0        6.08694218E-02
   226.00000000000000        1832756230000000.0        5.70258051E-02
   228.00000000000000        1700000000000000.0        5.32822087E-02
   230.00000000000000        1565156010000000.0        4.94412892E-02
   232.00000000000000        1439999990000000.0        4.58553396E-02
   234.00000000000000        1336111040000000.0        4.27991673E-02
   236.00000000000000        1246609290000000.0        4.01418656E-02
   238.00000000000000        1159999930000000.0        3.76402549E-02
   240.00000000000000        1068853410000000.0        3.50036062E-02
   242.00000000000000        981999980000000.00        3.24946009E-02
   244.00000000000000        909032982000000.00        3.03496607E-02
   246.00000000000000        846338271000000.00        2.84838006E-02
   248.00000000000000        787000009000000.00        2.66909227E-02
   250.00000000000000        726386277000000.00        2.48477869E-02
   252.00000000000000        669000011000000.00        2.30999850E-02
   254.00000000000000        619847600000000.00        2.16241162E-02
   256.00000000000000        576813101000000.00        2.03420948E-02
   258.00000000000000        536000007000000.00        1.91164389E-02
   260.00000000000000        494830396000000.00        1.78463198E-02
   262.00000000000000        456000000000000.00        1.66269932E-02
   264.00000000000000        422460533000000.00        1.55699346E-02
   266.00000000000000        392914010000000.00        1.46438573E-02
   268.00000000000000        365000011000000.00        1.37793943E-02
   270.00000000000000        337154664000000.00        1.29162967E-02
   272.00000000000000        310999991000000.00        1.20879039E-02
   274.00000000000000        288292835000000.00        1.13393255E-02
   276.00000000000000        268143314000000.00        1.06686512E-02
   278.00000000000000        249000008000000.00        1.00340499E-02
   280.00000000000000        229870676000000.00        9.40653961E-03
   282.00000000000000        212000005000000.00        8.81262589E-03
   284.00000000000000        196674153000000.00        8.28957465E-03
   286.00000000000000        183108331000000.00        7.81957433E-03
   288.00000000000000        170000007000000.00        7.36708147E-03
   290.00000000000000        156553487000000.00        6.90873107E-03
   292.00000000000000        144000003000000.00        6.47505047E-03
   294.00000000000000        133593255000000.00        6.10798877E-03
   296.00000000000000        124649346000000.00        5.78454183E-03
   298.00000000000000        116000003000000.00        5.46988891E-03
   300.00000000000000        106887970000000.00        5.12688747E-03
   302.00000000000000        98199998000000.000        4.78785252E-03
   304.00000000000000        90902076900000.000        4.50563896E-03
   306.00000000000000        84633060400000.000        4.26296098E-03
   308.00000000000000        78699999300000.000        4.02881810E-03
   310.00000000000000        72638718300000.000        3.78123322E-03
   312.00000000000000        66900000200000.000        3.53985932E-03
   314.00000000000000        61985047700000.000        3.33094457E-03
   316.00000000000000        57681834400000.000        3.14570894E-03
   318.00000000000000        53600000700000.000        2.96604866E-03
   320.00000000000000        49481827500000.000        2.77808495E-03
   322.00000000000000        45599999100000.000        2.59614433E-03
   324.00000000000000        42251472300000.000        2.43702368E-03
   326.00000000000000        39299760300000.000        2.29596952E-03
   328.00000000000000        36499999400000.000        2.16032891E-03
   330.00000000000000        33697734600000.000        2.02160608E-03
   332.00000000000000        31100000800000.000        1.89028948E-03
   334.00000000000000        28907619200000.000        1.77683530E-03
   336.00000000000000        26935012900000.000        1.67379691E-03
   338.00000000000000        24899999500000.000        1.56483415E-03
   340.00000000000000        22618648300000.000        1.43960747E-03
   342.00000000000000        20299999300000.000        1.30809168E-03
   344.00000000000000        18188632900000.000        1.18492928E-03
   346.00000000000000        16278287800000.000        1.07154821E-03
   348.00000000000000        14500000400000.000        9.64901759E-04
   350.00000000000000        12814336900000.000        8.61620705E-04
   352.00000000000000        11300000200000.000        7.68084545E-04
   354.00000000000000        10034586100000.000        6.88929693E-04
   356.00000000000000        8973124110000.0000        6.21634070E-04
   358.00000000000000        8040000000000.0000        5.62312664E-04
   360.00000000000000        7181312720000.0000        5.06575103E-04
   362.00000000000000        6430000150000.0000        4.56897949E-04
   364.00000000000000        5823052380000.0000        4.16233059E-04
   366.00000000000000        5326821650000.0000        3.82745638E-04
   368.00000000000000        4890000100000.0000        3.53158073E-04
   370.00000000000000        4476361510000.0000        3.25013069E-04
   372.00000000000000        4110000060000.0000        2.99942913E-04
   374.00000000000000        3818004150000.0000        2.79947417E-04
   376.00000000000000        3579117830000.0000        2.63721740E-04
   378.00000000000000        3360000050000.0000        2.48805969E-04
   380.00000000000000        3137596290000.0000        2.33629427E-04
   382.00000000000000        2930000000000.0000        2.19431357E-04
   384.00000000000000        2758189250000.0000        2.07607110E-04
   386.00000000000000        2613533740000.0000        1.97637070E-04
   388.00000000000000        2479999940000.0000        1.88524762E-04
   390.00000000000000        2346284220000.0000        1.79367518E-04
   392.00000000000000        2220000020000.0000        1.70620609E-04
   394.00000000000000        2110186980000.0000        1.62944605E-04
   396.00000000000000        2012677140000.0000        1.56067617E-04
   398.00000000000000        1920000070000.0000        1.49594009E-04
   400.00000000000000        1827277770000.0000        1.43172074E-04
   402.00000000000000        1739999940000.0000        1.37148090E-04
   404.00000000000000        1663964940000.0000        1.31761597E-04
   406.00000000000000        1595837640000.0000        1.26946063E-04
   408.00000000000000        1530000050000.0000        1.22220896E-04
   410.00000000000000        1462994080000.0000        1.17487885E-04
   412.00000000000000        1399999950000.0000        1.12964241E-04
   414.00000000000000        1346191620000.0000        1.09038403E-04
   416.00000000000000        1298077710000.0000        1.05553663E-04
   418.00000000000000        1249999980000.0000        1.02064085E-04
   420.00000000000000        1198635610000.0000        9.82998608E-05
   422.00000000000000        1150000040000.0000        9.47857625E-05
   424.00000000000000        1110074850000.0000        9.19203521E-05
   426.00000000000000        1075363450000.0000        8.93728284E-05
   428.00000000000000        1040000020000.0000        8.67450581E-05
   430.00000000000000        1000262070000.0000        8.38324704E-05
   432.00000000000000        960999981000.00000        8.09630874E-05
   434.00000000000000        927503483000.00000        7.84874646E-05
   436.00000000000000        898246705000.00000        7.63214484E-05
   438.00000000000000        869999968000.00000        7.42074699E-05
   440.00000000000000        840581448000.00000        7.19878299E-05
   442.00000000000000        812000018000.00000        6.98133590E-05
   444.00000000000000        786503434000.00000        6.78666911E-05
   446.00000000000000        763102757000.00000        6.60747100E-05
   448.00000000000000        740000006000.00000        6.43040548E-05
   450.00000000000000        716085133000.00000        6.24778331E-05
   452.00000000000000        693000012000.00000        6.07039874E-05
   454.00000000000000        672443793000.00000        5.91224416E-05
   456.00000000000000        653594526000.00000        5.76621496E-05
   458.00000000000000        634999996000.00000        5.62249697E-05
   460.00000000000000        615737131000.00000        5.47395794E-05
   462.00000000000000        596999995000.00000        5.32872400E-05
   464.00000000000000        580060840000.00000        5.19633759E-05
   466.00000000000000        564388364000.00000        5.07351142E-05
   468.00000000000000        548999987000.00000        4.95331733E-05
   470.00000000000000        533270135000.00000        4.83167132E-05
   472.00000000000000        517999985000.00000        4.71150597E-05
   474.00000000000000        504031707000.00000        4.59973380E-05
   476.00000000000000        490944102000.00000        4.49368526E-05
   478.00000000000000        477999989000.00000        4.38791576E-05
   480.00000000000000        464763126000.00000        4.28025269E-05
   482.00000000000000        451999990000.00000        4.17593910E-05
   484.00000000000000        440473256000.00000        4.08144988E-05
   486.00000000000000        429726826000.00000        3.99319324E-05
   488.00000000000000        418999992000.00000        3.90718087E-05
   490.00000000000000        407836787000.00000        3.81884565E-05
   492.00000000000000        397000016000.00000        3.73244984E-05
   494.00000000000000        387256320000.00000        3.65113046E-05
   496.00000000000000        378168902000.00000        3.57330537E-05
   498.00000000000000        368999989000.00000        3.49470210E-05
   500.00000000000000        359328514000.00000        3.41437626E-05
   502.00000000000000        349999989000.00000        3.33695170E-05
   504.00000000000000        341854552000.00000        3.26981099E-05
   506.00000000000000        334444462000.00000        3.20893487E-05
   508.00000000000000        326999998000.00000        3.14701283E-05
   510.00000000000000        319010341000.00000        3.07984519E-05
   512.00000000000000        311000007000.00000        3.01273321E-05
   514.00000000000000        303579234000.00000        2.94836937E-05
   516.00000000000000        296664760000.00000        2.88919200E-05
   518.00000000000000        290000011000.00000        2.83138106E-05
   520.00000000000000        283404272000.00000        2.77358849E-05
   522.00000000000000        276999995000.00000        2.71728477E-05
   524.00000000000000        270914454000.00000        2.66400857E-05
   526.00000000000000        264990507000.00000        2.61244604E-05
   528.00000000000000        258999992000.00000        2.56143485E-05
   530.00000000000000        252851405000.00000        2.50837347E-05
   532.00000000000000        247000007000.00000        2.45869214E-05
   534.00000000000000        241847026000.00000        2.41417947E-05
   536.00000000000000        237031047000.00000        2.37146851E-05
   538.00000000000000        231999996000.00000        2.32747479E-05
   540.00000000000000        226441249000.00000        2.27776382E-05
   542.00000000000000        221000008000.00000        2.22846502E-05
   544.00000000000000        216330256000.00000        2.18585828E-05
   546.00000000000000        212163346000.00000        2.14759602E-05
   548.00000000000000        207999992000.00000        2.11053466E-05
   550.00000000000000        203505091000.00000        2.07013909E-05
   552.00000000000000        198999998000.00000        2.02946921E-05
   554.00000000000000        194848817000.00000        1.99170881E-05
   556.00000000000000        190929830000.00000        1.95537305E-05
   558.00000000000000        186999996000.00000        1.91921117E-05
   560.00000000000000        182924296000.00000        1.88260565E-05
   562.00000000000000        179000001000.00000        1.84677847E-05
   564.00000000000000        175514403000.00000        1.81503892E-05
   566.00000000000000        172282184000.00000        1.78480332E-05
   568.00000000000000        168999993000.00000        1.75469686E-05
   570.00000000000000        165480415000.00000        1.72204527E-05
   572.00000000000000        161999995000.00000        1.69033410E-05
   574.00000000000000        158850580000.00000        1.66204936E-05
   576.00000000000000        155921138000.00000        1.63419973E-05
   578.00000000000000        153000002000.00000        1.60696145E-05
   580.00000000000000        149958476000.00000        1.57744817E-05
   582.00000000000000        147000001000.00000        1.54997015E-05
   584.00000000000000        144318988000.00000        1.52468428E-05
   586.00000000000000        141741146000.00000        1.50039778E-05
   588.00000000000000        139000005000.00000        1.47481342E-05
   590.00000000000000        135958905000.00000        1.44470278E-05
   592.00000000000000        133000004000.00000        1.41653663E-05
   594.00000000000000        130496864000.00000        1.39266022E-05
   596.00000000000000        128269607000.00000        1.37190618E-05
   598.00000000000000        125999997000.00000        1.34988632E-05
   600.00000000000000        123487207000.00000        1.32646446E-05
   602.00000000000000        121000002000.00000        1.30187718E-05
   604.00000000000000        118829998000.00000        1.28159518E-05
   606.00000000000000        116890436000.00000        1.26239074E-05
   608.00000000000000        115000001000.00000        1.24515236E-05
   610.00000000000000        113022214000.00000        1.22553747E-05
   612.00000000000000        111000003000.00000        1.20563018E-05
   614.00000000000000        109000991000.00000        1.18652652E-05
   616.00000000000000        107012071000.00000        1.16624988E-05
   618.00000000000000        105000002000.00000        1.14707727E-05
   620.00000000000000        102959849000.00000        1.12695561E-05
   622.00000000000000        101000004000.00000        1.10778965E-05
   624.00000000000000        99213877200.000000        1.08939175E-05
   626.00000000000000        97521590300.000000        1.07298829E-05
   628.00000000000000        95800000500.000000        1.05559329E-05
   630.00000000000000        93978910700.000000        1.03760867E-05
   632.00000000000000        92200001500.000000        1.01982359E-05
   634.00000000000000        90603765800.000000        1.00353009E-05
   636.00000000000000        89113935900.000000        9.88050942E-06
   638.00000000000000        87599996900.000000        9.72504586E-06
   640.00000000000000        85984247800.000000        9.56281656E-06
   642.00000000000000        84399996900.000000        9.40636801E-06
   644.00000000000000        82981560300.000000        9.26565826E-06
   646.00000000000000        81656340500.000000        9.13228178E-06
   648.00000000000000        80299999200.000000        8.99395945E-06
   650.00000000000000        78838636500.000000        8.84117708E-06
   652.00000000000000        77399998500.000000        8.69087489E-06
   654.00000000000000        76114018300.000000        8.56058887E-06
   656.00000000000000        74917748700.000000        8.44091028E-06
   658.00000000000000        73699999700.000000        8.31715261E-06
   660.00000000000000        72392679400.000000        8.18019362E-06
   662.00000000000000        71099998200.000000        8.04498450E-06
   664.00000000000000        69929132000.000000        7.92418996E-06
   666.00000000000000        68826890200.000000        7.81322433E-06
   668.00000000000000        67699998700.000000        7.69776489E-06
   670.00000000000000        66492776400.000000        7.57073394E-06
   672.00000000000000        65300000800.000000        7.44389126E-06
   674.00000000000000        64219545600.000000        7.32846456E-06
   676.00000000000000        63211139100.000000        7.22251070E-06
   678.00000000000000        62200000500.000000        7.11735993E-06
   680.00000000000000        61140045800.000000        7.01007184E-06
   682.00000000000000        60100001800.000000        6.90337947E-06
   684.00000000000000        59148652500.000000        6.80363792E-06
   686.00000000000000        58240147500.000000        6.70723512E-06
   688.00000000000000        57300000800.000000        6.60680189E-06
   690.00000000000000        56287866900.000000        6.49784397E-06
   692.00000000000000        55300001800.000000        6.39238442E-06
   694.00000000000000        54430302200.000000        6.30005343E-06
   696.00000000000000        53626548200.000000        6.21411709E-06
   698.00000000000000        52800000000.000000        6.12679696E-06
   700.00000000000000        51896471600.000000        6.02911769E-06
   702.00000000000000        51000000500.000000        5.93233426E-06
   704.00000000000000        50198106100.000000        5.84661802E-06
   706.00000000000000        49454039000.000000        5.76748243E-06
   708.00000000000000        48699998200.000000        5.68701535E-06
   710.00000000000000        47894331400.000000        5.60066565E-06
   712.00000000000000        47099998200.000000        5.51403491E-06
   714.00000000000000        46381084700.000000        5.43620854E-06
   716.00000000000000        45701472300.000000        5.36394418E-06
   718.00000000000000        44999999500.000000        5.28830378E-06
   720.00000000000000        44242157600.000000        5.20579124E-06
   722.00000000000000        43499999200.000000        5.12575070E-06
   724.00000000000000        42844266500.000000        5.05208027E-06
   726.00000000000000        42233921500.000000        4.98455893E-06
   728.00000000000000        41600000000.000000        4.91410674E-06
   730.00000000000000        40900337700.000000        4.83688882E-06
   732.00000000000000        40199999500.000000        4.76126161E-06
   734.00000000000000        39568150500.000000        4.69208362E-06
   736.00000000000000        38982987800.000000        4.62833668E-06
   738.00000000000000        38400000000.000000        4.56575845E-06
   740.00000000000000        37791854600.000000        4.49864456E-06
   742.00000000000000        37199999000.000000        4.43419049E-06
   744.00000000000000        36664250400.000000        4.37403878E-06
   746.00000000000000        36149051400.000000        4.31561421E-06
   748.00000000000000        35599999000.000000        4.25433745E-06
   750.00000000000000        34989862900.000000        4.18734089E-06
   752.00000000000000        34400002000.000000        4.12129748E-06
   754.00000000000000        33907931100.000000        4.06652407E-06
   756.00000000000000        33467111400.000000        4.01685929E-06
   758.00000000000000        32999999500.000000        3.96424548E-06
   760.00000000000000        32456964100.000000        3.90352079E-06
   762.00000000000000        31900000300.000000        3.84148598E-06
   764.00000000000000        31398836200.000000        3.78505683E-06
   766.00000000000000        30942537700.000000        3.73378111E-06
   768.00000000000000        30499999700.000000        3.68293763E-06
   770.00000000000000        30048651300.000000        3.63318077E-06
   772.00000000000000        29600000000.000000        3.58352008E-06
   774.00000000000000        29167765500.000000        3.53525388E-06
   776.00000000000000        28740388900.000000        3.48612502E-06
   778.00000000000000        28299999200.000000        3.43530996E-06
   780.00000000000000        27840139300.000000        3.38193240E-06
   782.00000000000000        27399999500.000000        3.33086291E-06
   784.00000000000000        27015221200.000000        3.28696797E-06
   786.00000000000000        26661607400.000000        3.24576035E-06
   788.00000000000000        26300000300.000000        3.20511731E-06
   790.00000000000000        25904222200.000000        3.16152614E-06
   792.00000000000000        25500000300.000000        3.11665417E-06
   794.00000000000000        25117753300.000000        3.07221171E-06
   796.00000000000000        24754753500.000000        3.03062779E-06
   798.00000000000000        24399999000.000000        2.98974828E-06
   800.00000000000000        24046082000.000000        2.94862775E-06
   802.00000000000000        23700000800.000000        2.90763614E-06
   804.00000000000000        23368103900.000000        2.86940690E-06
   806.00000000000000        23039735800.000000        2.83247027E-06
   808.00000000000000        22699999200.000000        2.79285791E-06
   810.00000000000000        22343139300.000000        2.75155162E-06
   812.00000000000000        22000001000.000000        2.71020758E-06
   814.00000000000000        21697507300.000000        2.67522501E-06
   816.00000000000000        21410310100.000000        2.64277674E-06
   818.00000000000000        21099999200.000000        2.60648289E-06
   820.00000000000000        20746113000.000000        2.56491967E-06
   822.00000000000000        20400001000.000000        2.52450468E-06
   824.00000000000000        20112398300.000000        2.49044388E-06
   826.00000000000000        19859765200.000000        2.46131390E-06
   828.00000000000000        19599999000.000000        2.43194609E-06
   830.00000000000000        19304667100.000000        2.39733254E-06
   832.00000000000000        19000000500.000000        2.36027336E-06
   834.00000000000000        18717423600.000000        2.32836078E-06
   836.00000000000000        18454421500.000000        2.29777925E-06
   838.00000000000000        18200000500.000000        2.26818179E-06
   840.00000000000000        17946552300.000000        2.23817347E-06
   842.00000000000000        17699999700.000000        2.20810739E-06
   844.00000000000000        17466138600.000000        2.18074342E-06
   846.00000000000000        17236723700.000000        2.15472983E-06
   848.00000000000000        16999999500.000000        2.12739360E-06
   850.00000000000000        16749511700.000000        2.09732502E-06
   852.00000000000000        16499999700.000000        2.06693426E-06
   854.00000000000000        16265666600.000000        2.03870741E-06
   856.00000000000000        16037337100.000000        2.01158900E-06
   858.00000000000000        15800000500.000000        1.98332532E-06
   860.00000000000000        15546362900.000000        1.95283360E-06
   862.00000000000000        15299999700.000000        1.92376456E-06
   864.00000000000000        15084148700.000000        1.89850971E-06
   866.00000000000000        14889828400.000000        1.87572255E-06
   868.00000000000000        14700000300.000000        1.85281885E-06
   870.00000000000000        14501919700.000000        1.82967415E-06
   872.00000000000000        14300000300.000000        1.80505447E-06
   874.00000000000000        14100788200.000000        1.78142614E-06
   876.00000000000000        13902200800.000000        1.75648756E-06
   878.00000000000000        13699999700.000000        1.73282194E-06
   880.00000000000000        13493972000.000000        1.70811052E-06
   882.00000000000000        13299999700.000000        1.68480324E-06
   884.00000000000000        13130977300.000000        1.66408938E-06
   886.00000000000000        12971712500.000000        1.64585447E-06
   888.00000000000000        12800000000.000000        1.62508240E-06
   890.00000000000000        12602331100.000000        1.60165746E-06
   892.00000000000000        12400000000.000000        1.57676550E-06
   894.00000000000000        12216893400.000000        1.55532166E-06
   896.00000000000000        12052450300.000000        1.53503618E-06
   898.00000000000000        11900000300.000000        1.51608913E-06
   900.00000000000000        11752323100.000000        1.49857112E-06
   902.00000000000000        11600000000.000000        1.47979210E-06
   904.00000000000000        11436197900.000000        1.46075752E-06
   906.00000000000000        11266595800.000000        1.43914951E-06
   908.00000000000000        11100000300.000000        1.41886164E-06
   910.00000000000000        10943838200.000000        1.40001077E-06
   912.00000000000000        10800000000.000000        1.38236578E-06
   914.00000000000000        10667237400.000000        1.36693745E-06
   916.00000000000000        10537253900.000000        1.35016580E-06
   918.00000000000000        10400000000.000000        1.33348294E-06
   920.00000000000000        10249987100.000000        1.31576860E-06
   922.00000000000000        10099999700.000000        1.29680211E-06
   924.00000000000000        9962808320.0000000        1.28007071E-06
   926.00000000000000        9832854530.0000000        1.26446378E-06
   928.00000000000000        9699999740.0000000        1.24770656E-06
   930.00000000000000        9558476800.0000000        1.23101131E-06
   932.00000000000000        9420000260.0000000        1.21404992E-06
   934.00000000000000        9296077820.0000000        1.19885090E-06
   936.00000000000000        9179880450.0000000        1.18441596E-06
   938.00000000000000        9059999740.0000000        1.16968795E-06
   940.00000000000000        8929583100.0000000        1.15389810E-06
   942.00000000000000        8800000000.0000000        1.13808915E-06
   944.00000000000000        8682901500.0000000        1.12356497E-06
   946.00000000000000        8572816380.0000000        1.10993756E-06
   948.00000000000000        8460000260.0000000        1.09601422E-06
   950.00000000000000        8338808830.0000000        1.08114114E-06
   952.00000000000000        8220000260.0000000        1.06661264E-06
   954.00000000000000        8114121730.0000000        1.05349432E-06
   956.00000000000000        8014462460.0000000        1.04116702E-06
   958.00000000000000        7910000130.0000000        1.02833042E-06
   960.00000000000000        7794390530.0000000        1.01419073E-06
   962.00000000000000        7680000000.0000000        1.00002524E-06
   964.00000000000000        7579259390.0000000        9.87164526E-07
   966.00000000000000        7486140420.0000000        9.75113835E-07
   968.00000000000000        7390000130.0000000        9.62872264E-07
   970.00000000000000        7284434940.0000000        9.49915261E-07
   972.00000000000000        7180000260.0000000        9.37196944E-07
   974.00000000000000        7087363580.0000000        9.25657275E-07
   976.00000000000000        7000685570.0000000        9.14868792E-07
   978.00000000000000        6910000130.0000000        9.03492264E-07
   980.00000000000000        6809499650.0000000        8.91128707E-07
   982.00000000000000        6710000130.0000000        8.78936191E-07
   984.00000000000000        6622504450.0000000        8.68171583E-07
   986.00000000000000        6542124030.0000000        8.58151964E-07
   988.00000000000000        6460000260.0000000        8.47708577E-07
   990.00000000000000        6370388480.0000000        8.36219613E-07
   992.00000000000000        6280000000.0000000        8.24618780E-07
   994.00000000000000        6196347390.0000000        8.14072905E-07
   996.00000000000000        6117696510.0000000        8.04287197E-07
   998.00000000000000        6040000000.0000000        7.94668836E-07
   1000.0000000000000        5960057860.0000000        7.84644385E-07
   1002.0000000000000        5878053890.0000000        7.74454975E-07
   1004.0000000000000        5795016190.0000000        7.63982541E-07
   1006.0000000000000        5711975420.0000000        7.53609413E-07
   1008.0000000000000        5629960190.0000000        7.43216731E-07
   1010.0000000000000        5550000130.0000000        7.33186823E-07
   1012.0000000000000        5472912380.0000000        7.23399523E-07
   1014.0000000000000        5398663680.0000000        7.14106136E-07
   1016.0000000000000        5327007230.0000000        7.05056436E-07
   1018.0000000000000        5257699840.0000000        6.96375423E-07
   1020.0000000000000        5190494210.0000000        6.87812417E-07
   1022.0000000000000        5125144060.0000000        6.79617870E-07
   1024.0000000000000        5061405700.0000000        6.71541272E-07
   1026.0000000000000        4999031810.0000000        6.63707624E-07
   1028.0000000000000        4937776640.0000000        6.55991414E-07
   1030.0000000000000        4877395970.0000000        6.48392472E-07
   1032.0000000000000        4817643520.0000000        6.40785174E-07
   1034.0000000000000        4758272510.0000000        6.33294690E-07
   1036.0000000000000        4699039740.0000000        6.25669713E-07
   1038.0000000000000        4639696900.0000000        6.18161437E-07
   1040.0000000000000        4579999740.0000000        6.10518271E-07
   1042.0000000000000        4519782910.0000000        6.02865725E-07
   1044.0000000000000        4459203580.0000000        5.95078916E-07
   1046.0000000000000        4398498820.0000000        5.87284376E-07
   1048.0000000000000        4337906180.0000000        5.79482958E-07
   1050.0000000000000        4277663230.0000000        5.71801365E-07
   1052.0000000000000        4218006780.0000000        5.64114544E-07
   1054.0000000000000        4159175170.0000000        5.56549026E-07
   1056.0000000000000        4101405180.0000000        5.49105778E-07
   1058.0000000000000        4044934140.0000000        5.41785198E-07
   1060.0000000000000        3990000130.0000000        5.34714445E-07
   1062.0000000000000        3936777470.0000000        5.27893917E-07
   1064.0000000000000        3885189380.0000000        5.21323614E-07
   1066.0000000000000        3835097340.0000000        5.14877513E-07
   1068.0000000000000        3786361600.0000000        5.08555559E-07
   1070.0000000000000        3738843390.0000000        5.02483829E-07
   1072.0000000000000        3692403200.0000000        4.96536074E-07
   1074.0000000000000        3646902530.0000000        4.90712182E-07
   1076.0000000000000        3602201340.0000000        4.85012151E-07
   1078.0000000000000        3558160900.0000000        4.79309733E-07
   1080.0000000000000        3514642180.0000000        4.73731006E-07
   1082.0000000000000        3471505410.0000000        4.68149580E-07
   1084.0000000000000        3428612350.0000000        4.62691759E-07
   1086.0000000000000        3385822980.0000000        4.57231067E-07
   1088.0000000000000        3342998780.0000000        4.51641029E-07
   1090.0000000000000        3300000000.0000000        4.46174283E-07
   1092.0000000000000        3256737790.0000000        4.40577935E-07
   1094.0000000000000        3213324540.0000000        4.34978830E-07
   1096.0000000000000        3169921540.0000000        4.29376996E-07
   1098.0000000000000        3126691330.0000000        4.23772946E-07
   1100.0000000000000        3083794690.0000000        4.18166849E-07
   1102.0000000000000        3041395200.0000000        4.12685580E-07
   1104.0000000000000        2999654140.0000000        4.07329509E-07
   1106.0000000000000        2958733060.0000000        4.01972187E-07
   1108.0000000000000        2918794240.0000000        3.96867279E-07
   1110.0000000000000        2880000000.0000000        3.91761887E-07
   1112.0000000000000        2842466050.0000000        3.86909306E-07
   1114.0000000000000        2806123520.0000000        3.82182634E-07
   1116.0000000000000        2770858500.0000000        3.77708119E-07
   1118.0000000000000        2736556030.0000000        3.73231813E-07
   1120.0000000000000        2703101440.0000000        3.68879967E-07
   1122.0000000000000        2670380540.0000000        3.64652323E-07
   1124.0000000000000        2638278660.0000000        3.60548398E-07
   1126.0000000000000        2606681090.0000000        3.56440893E-07
   1128.0000000000000        2575473410.0000000        3.52329494E-07
   1130.0000000000000        2544541180.0000000        3.48340620E-07
   1132.0000000000000        2513769730.0000000        3.44347143E-07
   1134.0000000000000        2483044100.0000000        3.40348549E-07
   1136.0000000000000        2452250880.0000000        3.36344613E-07
   1138.0000000000000        2421274110.0000000        3.32334906E-07
   1140.0000000000000        2390000130.0000000        3.28192073E-07
   1142.0000000000000        2358358530.0000000        3.24043185E-07
   1144.0000000000000        2326456060.0000000        3.19761540E-07
   1146.0000000000000        2294444030.0000000        3.15602421E-07
   1148.0000000000000        2262474240.0000000        3.11439265E-07
   1150.0000000000000        2230696960.0000000        3.07145598E-07
   1152.0000000000000        2199264000.0000000        3.02976503E-07
   1154.0000000000000        2168326910.0000000        2.98932747E-07
   1156.0000000000000        2138036100.0000000        2.94887656E-07
   1158.0000000000000        2108543490.0000000        2.91096342E-07
   1160.0000000000000        2080000000.0000000        2.87304829E-07
   1162.0000000000000        2052516100.0000000        2.83640958E-07
   1164.0000000000000        2026037120.0000000        2.80104814E-07
   1166.0000000000000        2000468740.0000000        2.76824068E-07
   1168.0000000000000        1975715200.0000000        2.73544032E-07
   1170.0000000000000        1951681410.0000000        2.70392235E-07
   1172.0000000000000        1928272380.0000000        2.67241461E-07
   1174.0000000000000        1905392770.0000000        2.64219096E-07
   1176.0000000000000        1882947710.0000000        2.61325397E-07
   1178.0000000000000        1860841730.0000000        2.58433005E-07
   1180.0000000000000        1838979840.0000000        2.55541977E-07
   1182.0000000000000        1817266690.0000000        2.52652370E-07
   1184.0000000000000        1795607300.0000000        2.49764298E-07
   1186.0000000000000        1773906560.0000000        2.47005232E-07
   1188.0000000000000        1752069120.0000000        2.44120315E-07
   1190.0000000000000        1730000000.0000000        2.41109461E-07
   1192.0000000000000        1707638270.0000000        2.38227642E-07
   1194.0000000000000        1685060740.0000000        2.35218934E-07
   1196.0000000000000        1662378500.0000000        2.32209999E-07
   1198.0000000000000        1639702660.0000000        2.29327725E-07
   1200.0000000000000        1617143940.0000000        2.26315890E-07
   1202.0000000000000        1594813950.0000000        2.23301470E-07
   1204.0000000000000        1572823420.0000000        2.20411451E-07
   1206.0000000000000        1551283460.0000000        2.17645280E-07
   1208.0000000000000        1530305280.0000000        2.14874532E-07
   1210.0000000000000        1510000000.0000000        2.12098627E-07
   1212.0000000000000        1490448510.0000000        2.09572917E-07
   1214.0000000000000        1471611010.0000000        2.07042177E-07
   1216.0000000000000        1453418110.0000000        2.04634901E-07
   1218.0000000000000        1435799940.0000000        2.02223859E-07
   1220.0000000000000        1418686980.0000000        1.99937475E-07
   1222.0000000000000        1402009220.0000000        1.97776316E-07
   1224.0000000000000        1385697150.0000000        1.95612998E-07
   1226.0000000000000        1369681020.0000000        1.93448045E-07
   1228.0000000000000        1353891070.0000000        1.91281870E-07
   1230.0000000000000        1338257920.0000000        1.89242911E-07
   1232.0000000000000        1322711420.0000000        1.87203625E-07
   1234.0000000000000        1307182080.0000000        1.85036498E-07
   1236.0000000000000        1291600260.0000000        1.82997823E-07
   1238.0000000000000        1275896060.0000000        1.80832060E-07
   1240.0000000000000        1260000000.0000000        1.78667520E-07
   1242.0000000000000        1243867140.0000000        1.76504471E-07
   1244.0000000000000        1227551870.0000000        1.74342802E-07
   1246.0000000000000        1211133950.0000000        1.72054300E-07
   1248.0000000000000        1194692480.0000000        1.69894861E-07
   1250.0000000000000        1178307070.0000000        1.67608235E-07
   1252.0000000000000        1162057090.0000000        1.65450388E-07
   1254.0000000000000        1146022020.0000000        1.63293038E-07
   1256.0000000000000        1130281220.0000000        1.61136157E-07
   1258.0000000000000        1114914050.0000000        1.59107643E-07
   1260.0000000000000        1100000000.0000000        1.57079285E-07
   1262.0000000000000        1085597820.0000000        1.55179137E-07
   1264.0000000000000        1071683840.0000000        1.53278918E-07
   1266.0000000000000        1058213440.0000000        1.51506754E-07
   1268.0000000000000        1045142270.0000000        1.49734362E-07
   1270.0000000000000        1032425920.0000000        1.48089853E-07
   1272.0000000000000        1020019900.0000000        1.46316737E-07
   1274.0000000000000        1007879810.0000000        1.44799600E-07
   1276.0000000000000        995961216.00000000        1.43153670E-07
   1278.0000000000000        984219648.00000000        1.41635368E-07
   1280.0000000000000        972610752.00000000        1.39988074E-07
   1282.0000000000000        961089920.00000000        1.38468280E-07
   1284.0000000000000        949612928.00000000        1.36947634E-07
   1286.0000000000000        938135232.00000000        1.35426077E-07
   1288.0000000000000        926612352.00000000        1.33775146E-07
   1290.0000000000000        915000000.00000000        1.32251500E-07
   1292.0000000000000        903269376.00000000        1.30726804E-07
   1294.0000000000000        891455360.00000000        1.29072660E-07
   1296.0000000000000        879608320.00000000        1.27468951E-07
   1298.0000000000000        867778944.00000000        1.25851514E-07
   1300.0000000000000        856017600.00000000        1.24246199E-07
   1302.0000000000000        844374784.00000000        1.22665881E-07
   1304.0000000000000        832901056.00000000        1.21097813E-07
   1306.0000000000000        821647104.00000000        1.19554926E-07
   1308.0000000000000        810663232.00000000        1.18050160E-07
   1310.0000000000000        800000000.00000000        1.16596446E-07
   1312.0000000000000        789694464.00000000        1.15193842E-07
   1314.0000000000000        779728896.00000000        1.13829444E-07
   1316.0000000000000        770072512.00000000        1.12503187E-07
   1318.0000000000000        760694208.00000000        1.11227877E-07
   1320.0000000000000        751562752.00000000        1.09977726E-07
   1322.0000000000000        742647296.00000000        1.08765541E-07
   1324.0000000000000        733916608.00000000        1.07565555E-07
   1326.0000000000000        725339840.00000000        1.06390559E-07
   1328.0000000000000        716885760.00000000        1.05227649E-07
   1330.0000000000000        708523456.00000000        1.04089644E-07
   1332.0000000000000        700221696.00000000        1.02937854E-07
   1334.0000000000000        691949504.00000000        1.01810905E-07
   1336.0000000000000        683675904.00000000        1.00657232E-07
   1338.0000000000000        675369664.00000000        9.95154110E-08
   1340.0000000000000        667000000.00000000        9.83596777E-08
   1342.0000000000000        658546624.00000000        9.71771499E-08
   1344.0000000000000        650033792.00000000        9.59937978E-08
   1346.0000000000000        641496448.00000000        9.48097778E-08
   1348.0000000000000        632969856.00000000        9.36253954E-08
   1350.0000000000000        624489024.00000000        9.24407928E-08
   1352.0000000000000        616089024.00000000        9.12690652E-08
   1354.0000000000000        607804992.00000000        9.01104187E-08
   1356.0000000000000        599672128.00000000        8.89778562E-08
   1358.0000000000000        591725440.00000000        8.78715696E-08
   1360.0000000000000        584000000.00000000        8.68045902E-08
   1362.0000000000000        576521664.00000000        8.57641709E-08
   1364.0000000000000        569278720.00000000        8.47502619E-08
   1366.0000000000000        562250240.00000000        8.37885281E-08
   1368.0000000000000        555415232.00000000        8.28402804E-08
   1370.0000000000000        548752704.00000000        8.19183441E-08
   1372.0000000000000        542241664.00000000        8.10097447E-08
   1374.0000000000000        535861248.00000000        8.01401896E-08
   1376.0000000000000        529590336.00000000        7.92710182E-08
   1378.0000000000000        523408000.00000000        7.84150131E-08
   1380.0000000000000        517293376.00000000        7.75721105E-08
   1382.0000000000000        511225312.00000000        7.67294210E-08
   1384.0000000000000        505182912.00000000        7.58868453E-08
   1386.0000000000000        499145184.00000000        7.50572298E-08
   1388.0000000000000        493091264.00000000        7.42147748E-08
   1390.0000000000000        487000000.00000000        7.33594163E-08
   1392.0000000000000        480858112.00000000        7.25039797E-08
   1394.0000000000000        474682432.00000000        7.16484436E-08
   1396.0000000000000        468497504.00000000        7.07799046E-08
   1398.0000000000000        462327776.00000000        6.99112377E-08
   1400.0000000000000        456197760.00000000        6.90423931E-08
   1402.0000000000000        450131904.00000000        6.81991565E-08
   1404.0000000000000        444154720.00000000        6.73557210E-08
   1406.0000000000000        438290688.00000000        6.65249615E-08
   1408.0000000000000        432564288.00000000        6.57197532E-08
   1410.0000000000000        427000000.00000000        6.49401173E-08
   1412.0000000000000        421615616.00000000        6.41860112E-08
   1414.0000000000000        416402016.00000000        6.34574349E-08
   1416.0000000000000        411343552.00000000        6.27543315E-08
   1418.0000000000000        406424352.00000000        6.20637906E-08
   1420.0000000000000        401628736.00000000        6.13857836E-08
   1422.0000000000000        396940864.00000000        6.07331714E-08
   1424.0000000000000        392345056.00000000        6.00930363E-08
   1426.0000000000000        387825536.00000000        5.94524536E-08
   1428.0000000000000        383366464.00000000        5.88242877E-08
   1430.0000000000000        378952160.00000000        5.82085349E-08
   1432.0000000000000        374566816.00000000        5.75922456E-08
   1434.0000000000000        370194688.00000000        5.69753951E-08
   1436.0000000000000        365820032.00000000        5.63579796E-08
   1438.0000000000000        361427040.00000000        5.57270674E-08
   1440.0000000000000        357000000.00000000        5.50955477E-08
   1442.0000000000000        352528736.00000000        5.44634204E-08
   1444.0000000000000        348025568.00000000        5.38179243E-08
   1446.0000000000000        343508352.00000000        5.31591979E-08
   1448.0000000000000        338995040.00000000        5.25132151E-08
   1450.0000000000000        334503552.00000000        5.18671968E-08
   1452.0000000000000        330051776.00000000        5.12212779E-08
   1454.0000000000000        325657632.00000000        5.05885005E-08
   1456.0000000000000        321339008.00000000        4.99689747E-08
   1458.0000000000000        317113824.00000000        4.93628249E-08
   1460.0000000000000        313000000.00000000        4.87701435E-08
   1462.0000000000000        309010752.00000000        4.82039297E-08
   1464.0000000000000        305140512.00000000        4.76511666E-08
   1466.0000000000000        301379072.00000000        4.71117829E-08
   1468.0000000000000        297716192.00000000        4.65856829E-08
   1470.0000000000000        294141600.00000000        4.60856597E-08
   1472.0000000000000        290645056.00000000        4.55858071E-08
   1474.0000000000000        287216384.00000000        4.50989646E-08
   1476.0000000000000        283845280.00000000        4.46121220E-08
   1478.0000000000000        280521504.00000000        4.41381189E-08
   1480.0000000000000        277234880.00000000        4.36768737E-08
   1482.0000000000000        273975136.00000000        4.32024869E-08
   1484.0000000000000        270731968.00000000        4.27407123E-08
   1486.0000000000000        267495248.00000000        4.22785718E-08
   1488.0000000000000        264254672.00000000        4.18159978E-08
   1490.0000000000000        261000000.00000000        4.13400087E-08
   1492.0000000000000        257724592.00000000        4.08634726E-08
   1494.0000000000000        254436064.00000000        4.03864568E-08
   1496.0000000000000        251145632.00000000        3.99089970E-08
   1498.0000000000000        247864480.00000000        3.94182145E-08
   1500.0000000000000        244603824.00000000        3.89400157E-08
   1502.0000000000000        241374848.00000000        3.84744574E-08
   1504.0000000000000        238188784.00000000        3.79957399E-08
   1506.0000000000000        235056816.00000000        3.75426659E-08
   1508.0000000000000        231990160.00000000        3.70894426E-08
   1510.0000000000000        229000000.00000000        3.66490376E-08
   1512.0000000000000        226094592.00000000        3.62214827E-08
   1514.0000000000000        223270448.00000000        3.58068206E-08
   1516.0000000000000        220521024.00000000        3.54051153E-08
   1518.0000000000000        217839904.00000000        3.50164022E-08
   1520.0000000000000        215220544.00000000        3.46277957E-08
   1522.0000000000000        212656496.00000000        3.42522739E-08
   1524.0000000000000        210141280.00000000        3.38898651E-08
   1526.0000000000000        207668432.00000000        3.35276837E-08
   1528.0000000000000        205231440.00000000        3.31786936E-08
   1530.0000000000000        202823856.00000000        3.28300089E-08
   1532.0000000000000        200439184.00000000        3.24816618E-08
   1534.0000000000000        198070928.00000000        3.21336842E-08
   1536.0000000000000        195712624.00000000        3.17861009E-08
   1538.0000000000000        193357824.00000000        3.14389439E-08
   1540.0000000000000        191000000.00000000        3.10922346E-08
   1542.0000000000000        188634864.00000000        3.07459764E-08
   1544.0000000000000        186266784.00000000        3.04000736E-08
   1546.0000000000000        183902272.00000000        3.00414840E-08
   1548.0000000000000        181547888.00000000        2.96959382E-08
   1550.0000000000000        179210160.00000000        2.93504119E-08
   1552.0000000000000        176895616.00000000        2.90048021E-08
   1554.0000000000000        174610800.00000000        2.86719395E-08
   1556.0000000000000        172362224.00000000        2.83388104E-08
   1558.0000000000000        170156448.00000000        2.80053172E-08
   1560.0000000000000        168000000.00000000        2.76843188E-08
   1562.0000000000000        165897616.00000000        2.73757568E-08
   1564.0000000000000        163846944.00000000        2.70667240E-08
   1566.0000000000000        161843808.00000000        2.67702145E-08
   1568.0000000000000        159884048.00000000        2.64862727E-08
   1570.0000000000000        157963504.00000000        2.61890651E-08
   1572.0000000000000        156078016.00000000        2.59174584E-08
   1574.0000000000000        154223456.00000000        2.56456207E-08
   1576.0000000000000        152395600.00000000        2.53735806E-08
   1578.0000000000000        150590336.00000000        2.51013876E-08
   1580.0000000000000        148803504.00000000        2.48290775E-08
   1582.0000000000000        147030912.00000000        2.45696263E-08
   1584.0000000000000        145268432.00000000        2.42971847E-08
   1586.0000000000000        143511904.00000000        2.40376750E-08
   1588.0000000000000        141757136.00000000        2.37781794E-08
   1590.0000000000000        140000000.00000000        2.35057982E-08
   1592.0000000000000        138237936.00000000        2.32334951E-08
   1594.0000000000000        136474896.00000000        2.29742287E-08
   1596.0000000000000        134716384.00000000        2.27021424E-08
   1598.0000000000000        132967984.00000000        2.24301875E-08
   1600.0000000000000        131235216.00000000        2.21713155E-08
   1602.0000000000000        129523632.00000000        2.18996732E-08
   1604.0000000000000        127838776.00000000        2.16411422E-08
   1606.0000000000000        126186184.00000000        2.13957385E-08
   1608.0000000000000        124571416.00000000        2.11505320E-08
   1610.0000000000000        123000000.00000000        2.09055422E-08
   1612.0000000000000        121475888.00000000        2.06737027E-08
   1614.0000000000000        119996624.00000000        2.04549835E-08
   1616.0000000000000        118558144.00000000        2.02364170E-08
   1618.0000000000000        117156392.00000000        2.00179553E-08
   1620.0000000000000        115787304.00000000        1.98125036E-08
   1622.0000000000000        114446816.00000000        1.96070928E-08
   1624.0000000000000        113130888.00000000        1.94146317E-08
   1626.0000000000000        111835440.00000000        1.92221385E-08
   1628.0000000000000        110556424.00000000        1.90295975E-08
   1630.0000000000000        109289776.00000000        1.88369640E-08
   1632.0000000000000        108031440.00000000        1.86442168E-08
   1634.0000000000000        106777352.00000000        1.84513276E-08
   1636.0000000000000        105523448.00000000        1.82582731E-08
   1638.0000000000000        104265696.00000000        1.80650233E-08
   1640.0000000000000        103000000.00000000        1.78715567E-08
   1642.0000000000000        101723808.00000000        1.76778627E-08
   1644.0000000000000        100440488.00000000        1.74710113E-08
   1646.0000000000000        99154896.000000000        1.72769372E-08
   1648.0000000000000        97871880.000000000        1.70697732E-08
   1650.0000000000000        96596304.000000000        1.68754468E-08
   1652.0000000000000        95333032.000000000        1.66810352E-08
   1654.0000000000000        94086904.000000000        1.64736189E-08
   1656.0000000000000        92862784.000000000        1.62920735E-08
   1658.0000000000000        91665536.000000000        1.60975748E-08
   1660.0000000000000        90500000.000000000        1.59160471E-08
   1662.0000000000000        89369728.000000000        1.57345568E-08
   1664.0000000000000        88273040.000000000        1.55660551E-08
   1666.0000000000000        87206888.000000000        1.53975890E-08
   1668.0000000000000        86168280.000000000        1.52421080E-08
   1670.0000000000000        85154208.000000000        1.50866555E-08
   1672.0000000000000        84161648.000000000        1.49312314E-08
   1674.0000000000000        83187600.000000000        1.47758286E-08
   1676.0000000000000        82229040.000000000        1.46333967E-08
   1678.0000000000000        81282968.000000000        1.44909871E-08
   1680.0000000000000        80346368.000000000        1.43356411E-08
   1682.0000000000000        79416224.000000000        1.41932590E-08
   1684.0000000000000        78489520.000000000        1.40508885E-08
   1686.0000000000000        77563264.000000000        1.39085277E-08
   1688.0000000000000        76634432.000000000        1.37532234E-08
   1690.0000000000000        75700000.000000000        1.36108751E-08
   1692.0000000000000        74758088.000000000        1.34555762E-08
   1694.0000000000000        73811256.000000000        1.33132243E-08
   1696.0000000000000        72863160.000000000        1.31579085E-08
   1698.0000000000000        71917488.000000000        1.30025741E-08
   1700.0000000000000        70977912.000000000        1.28562760E-08
   1702.0000000000000        70048104.000000000        1.27060620E-08
   1704.0000000000000        69131736.000000000        1.25583952E-08
   1706.0000000000000        68232480.000000000        1.24132749E-08
   1708.0000000000000        67354008.000000000        1.22719861E-08
   1710.0000000000000        66500000.000000000        1.21345280E-08
   1712.0000000000000        65673108.000000000        1.20021921E-08
   1714.0000000000000        64871940.000000000        1.18724053E-08
   1716.0000000000000        64094084.000000000        1.17477752E-08
   1718.0000000000000        63337120.000000000        1.16270291E-08
   1720.0000000000000        62598652.000000000        1.15088881E-08
   1722.0000000000000        61876244.000000000        1.13933698E-08
   1724.0000000000000        61167508.000000000        1.12791945E-08
   1726.0000000000000        60470016.000000000        1.11676748E-08
   1728.0000000000000        59781368.000000000        1.10575353E-08
   1730.0000000000000        59099148.000000000        1.09487841E-08
   1732.0000000000000        58420932.000000000        1.08388489E-08
   1734.0000000000000        57744324.000000000        1.07303313E-08
   1736.0000000000000        57066908.000000000        1.06206555E-08
   1738.0000000000000        56386272.000000000        1.05111306E-08
   1740.0000000000000        55700000.000000000        1.03991749E-08
   1742.0000000000000        55006588.000000000        1.02860849E-08
   1744.0000000000000        54308136.000000000        1.01718287E-08
   1746.0000000000000        53607656.000000000        1.00563611E-08
   1748.0000000000000        52908148.000000000        9.94223814E-09
   1750.0000000000000        52212624.000000000        9.82812143E-09
   1752.0000000000000        51524092.000000000        9.71397629E-09
   1754.0000000000000        50845556.000000000        9.60236068E-09
   1756.0000000000000        50180024.000000000        9.49324175E-09
   1758.0000000000000        49530504.000000000        9.38658840E-09
   1760.0000000000000        48900000.000000000        9.28237398E-09
   1762.0000000000000        48290700.000000000        9.18317067E-09
   1764.0000000000000        47701512.000000000        9.08639386E-09
   1766.0000000000000        47130512.000000000        8.99336516E-09
   1768.0000000000000        46575796.000000000        8.90280472E-09
   1770.0000000000000        46035432.000000000        8.81472850E-09
   1772.0000000000000        45507512.000000000        8.72915606E-09
   1774.0000000000000        44990124.000000000        8.64480487E-09
   1776.0000000000000        44481340.000000000        8.56169269E-09
   1778.0000000000000        43979252.000000000        8.47983284E-09
   1780.0000000000000        43481948.000000000        8.39794367E-09
   1782.0000000000000        42987500.000000000        8.31733882E-09
   1784.0000000000000        42493996.000000000        8.23543456E-09
   1786.0000000000000        41999520.000000000        8.15354095E-09
   1788.0000000000000        41502164.000000000        8.07037814E-09
   1790.0000000000000        41000000.000000000        7.98595323E-09
   1792.0000000000000        40491824.000000000        7.90027777E-09
   1794.0000000000000        39979256.000000000        7.81334819E-09
   1796.0000000000000        39464624.000000000        7.72515651E-09
   1798.0000000000000        38950260.000000000        7.63699237E-09
   1800.0000000000000        38438484.000000000        7.54885132E-09
   1802.0000000000000        37931632.000000000        7.46202211E-09
   1804.0000000000000        37432028.000000000        7.37649986E-09
   1806.0000000000000        36942004.000000000        7.29227967E-09
   1808.0000000000000        36463884.000000000        7.20935578E-09
   1810.0000000000000        36000000.000000000        7.13031589E-09
   1812.0000000000000        35552044.000000000        7.05385972E-09
   1814.0000000000000        35119192.000000000        6.97998814E-09
   1816.0000000000000        34699968.000000000        6.90870117E-09
   1818.0000000000000        34292920.000000000        6.84000101E-09
   1820.0000000000000        33896576.000000000        6.77259138E-09
   1822.0000000000000        33509476.000000000        6.70777034E-09
   1824.0000000000000        33130158.000000000        6.64424071E-09
   1826.0000000000000        32757152.000000000        6.58070798E-09
   1828.0000000000000        32388998.000000000        6.51847065E-09
   1830.0000000000000        32024234.000000000        6.45623111E-09
   1832.0000000000000        31661396.000000000        6.39528785E-09
   1834.0000000000000        31299014.000000000        6.33304698E-09
   1836.0000000000000        30935632.000000000        6.27210328E-09
   1838.0000000000000        30569780.000000000        6.20856788E-09
   1840.0000000000000        30200000.000000000        6.14503515E-09
   1842.0000000000000        29825360.000000000        6.08020834E-09
   1844.0000000000000        29447078.000000000        6.01408789E-09
   1846.0000000000000        29066906.000000000        5.94796790E-09
   1848.0000000000000        28686596.000000000        5.88055382E-09
   1850.0000000000000        28307902.000000000        5.81443826E-09
   1852.0000000000000        27932576.000000000        5.74832182E-09
   1854.0000000000000        27562370.000000000        5.68350300E-09
   1856.0000000000000        27199038.000000000        5.61998093E-09
   1858.0000000000000        26844330.000000000        5.55775559E-09
   1860.0000000000000        26500000.000000000        5.49682522E-09
   1862.0000000000000        26167336.000000000        5.43848788E-09
   1864.0000000000000        25845758.000000000        5.38274270E-09
   1866.0000000000000        25534226.000000000        5.32829247E-09
   1868.0000000000000        25231700.000000000        5.27513988E-09
   1870.0000000000000        24937134.000000000        5.22457810E-09
   1872.0000000000000        24649484.000000000        5.17531351E-09
   1874.0000000000000        24367714.000000000        5.12604847E-09
   1876.0000000000000        24090776.000000000        5.07808062E-09
   1878.0000000000000        23817628.000000000        5.03011277E-09
   1880.0000000000000        23547232.000000000        4.98344033E-09
   1882.0000000000000        23278542.000000000        4.93547292E-09
   1884.0000000000000        23010514.000000000        4.88880181E-09
   1886.0000000000000        22742112.000000000        4.84083440E-09
   1888.0000000000000        22472286.000000000        4.79416373E-09
   1890.0000000000000        22200000.000000000        4.74490136E-09
   1892.0000000000000        21924596.000000000        4.69563854E-09
   1894.0000000000000        21646970.000000000        4.64507988E-09
   1896.0000000000000        21368406.000000000        4.59452210E-09
   1898.0000000000000        21090188.000000000        4.54396210E-09
   1900.0000000000000        20813598.000000000        4.49340298E-09
   1902.0000000000000        20539920.000000000        4.44284343E-09
   1904.0000000000000        20270438.000000000        4.39357928E-09
   1906.0000000000000        20006436.000000000        4.34560965E-09
   1908.0000000000000        19749194.000000000        4.29764002E-09
   1910.0000000000000        19500000.000000000        4.25226077E-09
   1912.0000000000000        19259780.000000000        4.20817692E-09
   1914.0000000000000        19028036.000000000        4.16538848E-09
   1916.0000000000000        18803922.000000000        4.12519219E-09
   1918.0000000000000        18586588.000000000        4.08499634E-09
   1920.0000000000000        18375180.000000000        4.04609590E-09
   1922.0000000000000        18168848.000000000        4.00849309E-09
   1924.0000000000000        17966742.000000000        3.97089162E-09
   1926.0000000000000        17768014.000000000        3.93458865E-09
   1928.0000000000000        17571810.000000000        3.89828703E-09
   1930.0000000000000        17377282.000000000        3.86328436E-09
   1932.0000000000000        17183580.000000000        3.82698806E-09
   1934.0000000000000        16989848.000000000        3.79199072E-09
   1936.0000000000000        16795244.000000000        3.75570108E-09
   1938.0000000000000        16598910.000000000        3.71941478E-09
   1940.0000000000000        16400000.000000000        3.68183550E-09
   1942.0000000000000        16197980.000000000        3.64426067E-09
   1944.0000000000000        15993590.000000000        3.60539065E-09
   1946.0000000000000        15787887.000000000        3.56651975E-09
   1948.0000000000000        15581928.000000000        3.52764551E-09
   1950.0000000000000        15376770.000000000        3.49006202E-09
   1952.0000000000000        15173470.000000000        3.45117379E-09
   1954.0000000000000        14973086.000000000        3.41357254E-09
   1956.0000000000000        14776675.000000000        3.37595885E-09
   1958.0000000000000        14585294.000000000        3.34092420E-09
   1960.0000000000000        14400000.000000000        3.30587380E-09
   1962.0000000000000        14221564.000000000        3.27210303E-09
   1964.0000000000000        14049604.000000000        3.24091332E-09
   1966.0000000000000        13883455.000000000        3.20971716E-09
   1968.0000000000000        13722450.000000000        3.17981574E-09
   1970.0000000000000        13565920.000000000        3.15121418E-09
   1972.0000000000000        13413197.000000000        3.12391757E-09
   1974.0000000000000        13263618.000000000        3.09533799E-09
   1976.0000000000000        13116512.000000000        3.06936832E-09
   1978.0000000000000        12971212.000000000        3.04212477E-09
   1980.0000000000000        12827053.000000000        3.01490721E-09
   1982.0000000000000        12683366.000000000        2.98901703E-09
   1984.0000000000000        12539484.000000000        2.96186387E-09
   1986.0000000000000        12394741.000000000        2.93474933E-09
   1988.0000000000000        12248468.000000000        2.90637958E-09
   1990.0000000000000        12100000.000000000        2.87805468E-09
   1992.0000000000000        11948920.000000000        2.84847834E-09
   1994.0000000000000        11795823.000000000        2.81893797E-09
   1996.0000000000000        11641556.000000000        2.78942203E-09
   1998.0000000000000        11486964.000000000        2.75862222E-09
   2000.0000000000000        11332894.000000000        2.72782530E-09
   2002.0000000000000        11180193.000000000        2.69831757E-09
   2004.0000000000000        11029707.000000000        2.66749600E-09
   2006.0000000000000        10882281.000000000        2.63794564E-09
   2008.0000000000000        10738764.000000000        2.60965805E-09
   2010.0000000000000        10600000.000000000        2.58262522E-09
   2012.0000000000000        10466613.000000000        2.55684163E-09
   2014.0000000000000        10338332.000000000        2.53101295E-09
   2016.0000000000000        10214660.000000000        2.50644216E-09
   2018.0000000000000        10095104.000000000        2.48313481E-09
   2020.0000000000000        9979168.0000000000        2.46109488E-09
   2022.0000000000000        9866357.0000000000        2.43902964E-09
   2024.0000000000000        9756176.0000000000        2.41694464E-09
   2026.0000000000000        9648129.0000000000        2.39614062E-09
   2028.0000000000000        9541723.0000000000        2.37532438E-09
   2030.0000000000000        9436462.0000000000        2.35449971E-09
   2032.0000000000000        9331850.0000000000        2.33367103E-09
   2034.0000000000000        9227393.0000000000        2.31284192E-09
   2036.0000000000000        9122595.0000000000        2.29201591E-09
   2038.0000000000000        9016963.0000000000        2.27119701E-09
   2040.0000000000000        8910000.0000000000        2.24909025E-09
   2042.0000000000000        8801383.0000000000        2.22699637E-09
   2044.0000000000000        8691476.0000000000        2.20491381E-09
   2046.0000000000000        8580814.0000000000        2.18154339E-09
   2048.0000000000000        8469932.0000000000        2.15818097E-09
   2050.0000000000000        8359365.5000000000        2.13612239E-09
   2052.0000000000000        8249650.0000000000        2.11277107E-09
   2054.0000000000000        8141320.0000000000        2.09072004E-09
   2056.0000000000000        8034912.0000000000        2.06867079E-09
   2058.0000000000000        7930960.0000000000        2.04662132E-09
   2060.0000000000000        7830000.0000000000        2.02586836E-09
   2062.0000000000000        7732428.0000000000        2.00511296E-09
   2064.0000000000000        7638085.5000000000        1.98695038E-09
   2066.0000000000000        7546674.5000000000        1.96748839E-09
   2068.0000000000000        7457897.0000000000        1.94932226E-09
   2070.0000000000000        7371455.5000000000        1.93245175E-09
   2072.0000000000000        7287052.0000000000        1.91428251E-09
   2074.0000000000000        7204389.0000000000        1.89740978E-09
   2076.0000000000000        7123168.5000000000        1.88183402E-09
   2078.0000000000000        7043092.5000000000        1.86495996E-09
   2080.0000000000000        6963863.5000000000        1.84808524E-09
   2082.0000000000000        6885183.5000000000        1.83250815E-09
   2084.0000000000000        6806755.0000000000        1.81563320E-09
   2086.0000000000000        6728280.0000000000        1.80005633E-09
   2088.0000000000000        6649461.0000000000        1.78318205E-09
   2090.0000000000000        6570000.0000000000        1.76630810E-09
   2092.0000000000000        6489704.5000000000        1.74943493E-09
   2094.0000000000000        6408804.0000000000        1.73126447E-09
   2096.0000000000000        6327633.5000000000        1.71439263E-09
   2098.0000000000000        6246527.5000000000        1.69622338E-09
   2100.0000000000000        6165821.0000000000        1.67935210E-09
   2102.0000000000000        6085849.0000000000        1.66118341E-09
   2104.0000000000000        6006946.0000000000        1.64431257E-09
   2106.0000000000000        5929447.0000000000        1.62744185E-09
   2108.0000000000000        5853686.5000000000        1.61057112E-09
   2110.0000000000000        5780000.0000000000        1.59499824E-09
   2112.0000000000000        5708632.5000000000        1.57942526E-09
   2114.0000000000000        5639473.0000000000        1.56514968E-09
   2116.0000000000000        5572320.0000000000        1.55087421E-09
   2118.0000000000000        5506974.5000000000        1.53659852E-09
   2120.0000000000000        5443233.5000000000        1.52362045E-09
   2122.0000000000000        5380898.5000000000        1.50934465E-09
   2124.0000000000000        5319767.5000000000        1.49636659E-09
   2126.0000000000000        5259640.5000000000        1.48468626E-09
   2128.0000000000000        5200316.5000000000        1.47170809E-09
   2130.0000000000000        5141594.5000000000        1.45872991E-09
   2132.0000000000000        5083275.0000000000        1.44704970E-09
   2134.0000000000000        5025156.0000000000        1.43407131E-09
   2136.0000000000000        4967038.0000000000        1.42109302E-09
   2138.0000000000000        4908719.5000000000        1.40811496E-09
   2140.0000000000000        4850000.0000000000        1.39513678E-09
   2142.0000000000000        4790752.5000000000        1.38215872E-09
   2144.0000000000000        4731143.0000000000        1.36788292E-09
   2146.0000000000000        4671411.5000000000        1.35490463E-09
   2148.0000000000000        4611797.0000000000        1.34062883E-09
   2150.0000000000000        4552540.0000000000        1.32635303E-09
   2152.0000000000000        4493879.5000000000        1.31337519E-09
   2154.0000000000000        4436056.0000000000        1.30039712E-09
   2156.0000000000000        4379308.0000000000        1.28677013E-09
   2158.0000000000000        4323876.5000000000        1.27392208E-09
   2160.0000000000000        4270000.0000000000        1.26146316E-09
   2162.0000000000000        4217853.0000000000        1.24952348E-09
   2164.0000000000000        4167347.5000000000        1.23797306E-09
   2166.0000000000000        4118328.7500000000        1.22694177E-09
   2168.0000000000000        4070643.2500000000        1.21617016E-09
   2170.0000000000000        4024136.0000000000        1.20565768E-09
   2172.0000000000000        3978653.5000000000        1.19553500E-09
   2174.0000000000000        3934042.0000000000        1.18554189E-09
   2176.0000000000000        3890146.7500000000        1.17567867E-09
   2178.0000000000000        3846813.7500000000        1.16594512E-09
   2180.0000000000000        3803889.7500000000        1.15621168E-09
   2182.0000000000000        3761219.5000000000        1.14660781E-09
   2184.0000000000000        3718649.5000000000        1.13687415E-09
   2186.0000000000000        3676025.5000000000        1.12701104E-09
   2188.0000000000000        3633194.0000000000        1.11714771E-09
   2190.0000000000000        3590000.0000000000        1.10702492E-09
   2192.0000000000000        3546345.7500000000        1.09664233E-09
   2194.0000000000000        3502355.7500000000        1.08625997E-09
   2196.0000000000000        3458210.2500000000        1.07561804E-09
   2198.0000000000000        3414090.0000000000        1.06497611E-09
   2200.0000000000000        3370175.2500000000        1.05420428E-09
   2202.0000000000000        3326646.5000000000        1.04369213E-09
   2204.0000000000000        3283684.2500000000        1.03317987E-09
   2206.0000000000000        3241468.7500000000        1.02292719E-09
   2208.0000000000000        3200180.5000000000        1.01293418E-09
   2210.0000000000000        3160000.0000000000        1.00320063E-09
   2212.0000000000000        3121059.2500000000        9.93856553E-10
   2214.0000000000000        3083297.5000000000        9.84771931E-10
   2216.0000000000000        3046605.7500000000        9.76076553E-10
   2218.0000000000000        3010874.5000000000        9.67640967E-10
   2220.0000000000000        2975994.2500000000        9.59335056E-10
   2222.0000000000000        2941856.5000000000        9.51288603E-10
   2224.0000000000000        2908351.7500000000        9.43372047E-10
   2226.0000000000000        2875370.7500000000        9.35585165E-10
   2228.0000000000000        2842804.5000000000        9.27928179E-10
   2230.0000000000000        2810543.7500000000        9.20271137E-10
   2232.0000000000000        2778479.0000000000        9.12484366E-10
   2234.0000000000000        2746501.7500000000        9.04827269E-10
   2236.0000000000000        2714502.0000000000        8.97040497E-10
   2238.0000000000000        2682371.2500000000        8.89253671E-10
   2240.0000000000000        2650000.0000000000        8.81207274E-10
   2242.0000000000000        2617320.0000000000        8.73031147E-10
   2244.0000000000000        2584427.0000000000        8.64725236E-10
   2246.0000000000000        2551457.5000000000        8.56419380E-10
   2248.0000000000000        2518548.0000000000        8.47983572E-10
   2250.0000000000000        2485835.0000000000        8.39547876E-10
   2252.0000000000000        2453455.2500000000        8.31241909E-10
   2254.0000000000000        2421545.5000000000        8.22936053E-10
   2256.0000000000000        2390241.7500000000        8.14889711E-10
   2258.0000000000000        2359681.2500000000        8.07102885E-10
   2260.0000000000000        2330000.0000000000        7.99445843E-10
   2262.0000000000000        2301298.5000000000        7.92178101E-10
   2264.0000000000000        2273530.5000000000        7.85040255E-10
   2266.0000000000000        2246613.5000000000        7.78291653E-10
   2268.0000000000000        2220465.5000000000        7.71672948E-10
   2270.0000000000000        2195003.7500000000        7.65183805E-10
   2272.0000000000000        2170145.7500000000        7.58954455E-10
   2274.0000000000000        2145809.5000000000        7.52854723E-10
   2276.0000000000000        2121912.0000000000        7.46755047E-10
   2278.0000000000000        2098371.2500000000        7.40785155E-10
   2280.0000000000000        2075104.8799999999        7.34815320E-10
   2282.0000000000000        2052030.0000000000        7.28845484E-10
   2284.0000000000000        2029064.5000000000        7.23005211E-10
   2286.0000000000000        2006125.8799999999        7.16905646E-10
   2288.0000000000000        1983132.1200000001        7.10935755E-10
   2290.0000000000000        1960000.0000000000        7.04706293E-10
   2292.0000000000000        1936674.7500000000        6.98347047E-10
   2294.0000000000000        1913208.8799999999        6.91987856E-10
   2296.0000000000000        1889682.2500000000        6.85498880E-10
   2298.0000000000000        1866174.7500000000        6.79009793E-10
   2300.0000000000000        1842766.0000000000        6.72520817E-10
   2302.0000000000000        1819536.1200000001        6.66031785E-10
   2304.0000000000000        1796564.7500000000        6.59672650E-10
   2306.0000000000000        1773931.7500000000        6.53313403E-10
   2308.0000000000000        1751716.8799999999        6.47083886E-10
   2310.0000000000000        1730000.0000000000        6.41113995E-10
   2312.0000000000000        1708840.6200000001        6.35273889E-10
   2314.0000000000000        1688217.7500000000        6.29693353E-10
   2316.0000000000000        1668089.2500000000        6.24112817E-10
   2318.0000000000000        1648414.0000000000        6.18791851E-10
   2320.0000000000000        1629150.1200000001        6.13600615E-10
   2322.0000000000000        1610256.2500000000        6.08409378E-10
   2324.0000000000000        1591690.7500000000        6.03477823E-10
   2326.0000000000000        1573412.1200000001        5.98546157E-10
   2328.0000000000000        1555378.6200000001        5.93614491E-10
   2330.0000000000000        1537548.8799999999        5.88812665E-10
   2332.0000000000000        1519881.2500000000        5.84010784E-10
   2334.0000000000000        1502334.0000000000        5.79079118E-10
   2336.0000000000000        1484865.7500000000        5.74277292E-10
   2338.0000000000000        1467435.1200000001        5.69475356E-10
   2340.0000000000000        1450000.0000000000        5.64543745E-10
   2342.0000000000000        1432533.0000000000        5.59612079E-10
   2344.0000000000000        1415060.8799999999        5.54550683E-10
   2346.0000000000000        1397624.7500000000        5.49489176E-10
   2348.0000000000000        1380265.1200000001        5.44427781E-10
   2350.0000000000000        1363022.8799999999        5.39496114E-10
   2352.0000000000000        1345938.7500000000        5.34434719E-10
   2354.0000000000000        1329053.6200000001        5.29503108E-10
   2356.0000000000000        1312408.3799999999        5.24701227E-10
   2358.0000000000000        1296043.5000000000        5.19899346E-10
   2360.0000000000000        1280000.0000000000        5.15227250E-10
   2362.0000000000000        1264308.0000000000        5.10684994E-10
   2364.0000000000000        1248955.6200000001        5.06272413E-10
   2366.0000000000000        1233920.2500000000        5.01989672E-10
   2368.0000000000000        1219179.1200000001        4.97706987E-10
   2370.0000000000000        1204709.8799999999        4.93683761E-10
   2372.0000000000000        1190489.8799999999        4.89530749E-10
   2374.0000000000000        1176496.5000000000        4.85507579E-10
   2376.0000000000000        1162707.1200000001        4.81614193E-10
   2378.0000000000000        1149099.3799999999        4.77720807E-10
   2380.0000000000000        1135650.5000000000        4.73827366E-10
   2382.0000000000000        1122338.0000000000        4.69933981E-10
   2384.0000000000000        1109139.2500000000        4.66040595E-10
   2386.0000000000000        1096031.7500000000        4.62147154E-10
   2388.0000000000000        1082992.8799999999        4.58253768E-10
   2390.0000000000000        1070000.0000000000        4.54230570E-10
   2392.0000000000000        1057039.0000000000        4.50207399E-10
   2394.0000000000000        1044129.0600000001        4.46184201E-10
   2396.0000000000000        1031297.8100000001        4.42161058E-10
   2398.0000000000000        1018572.8100000001        4.38008074E-10
   2400.0000000000000        1005981.6899999999        4.33984876E-10
   2402.0000000000000        993552.00000000000        4.29961705E-10
   2404.0000000000000        981311.43799999997        4.26068292E-10
   2406.0000000000000        969287.50000000000        4.22174851E-10
   2408.0000000000000        957507.81200000003        4.18411250E-10
   2410.0000000000000        946000.00000000000        4.14777407E-10
   2412.0000000000000        934782.81200000003        4.11273349E-10
   2414.0000000000000        923839.81200000003        4.07769291E-10
   2416.0000000000000        913145.56200000003        4.04524775E-10
   2418.0000000000000        902674.81200000003        4.01280287E-10
   2420.0000000000000        892402.12500000000        3.98165556E-10
   2422.0000000000000        882302.25000000000        3.95050825E-10
   2424.0000000000000        872349.93799999997        3.91936095E-10
   2426.0000000000000        862519.62500000000        3.88951121E-10
   2428.0000000000000        852786.18799999997        3.85966203E-10
   2430.0000000000000        843124.31200000003        3.83111071E-10
   2432.0000000000000        833508.43799999997        3.80126125E-10
   2434.0000000000000        823913.43799999997        3.77141152E-10
   2436.0000000000000        814313.93799999997        3.74026421E-10
   2438.0000000000000        804684.56200000003        3.71041475E-10
   2440.0000000000000        795000.00000000000        3.67926772E-10
   2442.0000000000000        785245.37500000000        3.64812042E-10
   2444.0000000000000        775447.68799999997        3.61567554E-10
   2446.0000000000000        765644.18799999997        3.58323010E-10
   2448.0000000000000        755872.37500000000        3.55078522E-10
   2450.0000000000000        746169.62500000000        3.51704221E-10
   2452.0000000000000        736573.25000000000        3.48459706E-10
   2454.0000000000000        727120.75000000000        3.45345058E-10
   2456.0000000000000        717849.43799999997        3.42230272E-10
   2458.0000000000000        708796.75000000000        3.39115569E-10
   2460.0000000000000        700000.00000000000        3.36130623E-10
   2462.0000000000000        691486.18799999997        3.33275463E-10
   2464.0000000000000        683240.62500000000        3.30550087E-10
   2466.0000000000000        675238.06200000003        3.27824712E-10
   2468.0000000000000        667453.37500000000        3.25229121E-10
   2470.0000000000000        659861.31200000003        3.22633475E-10
   2472.0000000000000        652436.81200000003        3.20167670E-10
   2474.0000000000000        645154.56200000003        3.17701837E-10
   2476.0000000000000        637989.56200000003        3.15365789E-10
   2478.0000000000000        630916.50000000000        3.12900011E-10
   2480.0000000000000        623910.25000000000        3.10563908E-10
   2482.0000000000000        616945.62500000000        3.08227888E-10
   2484.0000000000000        609997.43799999997        3.05762055E-10
   2486.0000000000000        603040.56200000003        3.03296221E-10
   2488.0000000000000        596049.81200000003        3.00830444E-10
   2490.0000000000000        589000.00000000000        2.98364611E-10
   2492.0000000000000        581875.25000000000        2.95768993E-10
   2494.0000000000000        574696.75000000000        2.93173402E-10
   2496.0000000000000        567495.12500000000        2.90577784E-10
   2498.0000000000000        560300.87500000000        2.87852436E-10
   2500.0000000000000        553144.50000000000        2.85127033E-10
   2502.0000000000000        546056.56200000003        2.82531415E-10
   2504.0000000000000        539067.62500000000        2.79935797E-10
   2506.0000000000000        532208.18799999997        2.77340206E-10
   2508.0000000000000        525508.81200000003        2.74874373E-10
   2510.0000000000000        519000.00000000000        2.72408568E-10
   2512.0000000000000        512704.03100000002        2.70072520E-10
   2514.0000000000000        506609.87500000000        2.67866257E-10
   2516.0000000000000        500698.40600000002        2.65659966E-10
   2518.0000000000000        494950.28100000002        2.63453759E-10
   2520.0000000000000        489346.31199999998        2.61507038E-10
   2522.0000000000000        483867.21899999998        2.59430560E-10
   2524.0000000000000        478493.75000000000        2.57483840E-10
   2526.0000000000000        473206.75000000000        2.55537147E-10
   2528.0000000000000        467986.81199999998        2.53720239E-10
   2530.0000000000000        462814.84399999998        2.51773546E-10
   2532.0000000000000        457671.56199999998        2.49956611E-10
   2534.0000000000000        452537.62500000000        2.48009890E-10
   2536.0000000000000        447393.90600000002        2.46192983E-10
   2538.0000000000000        442221.09399999998        2.44246290E-10
   2540.0000000000000        437000.00000000000        2.42299569E-10
   2542.0000000000000        431718.43800000002        2.40352876E-10
   2544.0000000000000        426392.65600000002        2.38406156E-10
   2546.0000000000000        421046.09399999998        2.36329678E-10
   2548.0000000000000        415702.06199999998        2.34382957E-10
   2550.0000000000000        410383.93800000002        2.32306493E-10
   2552.0000000000000        405115.09399999998        2.30359787E-10
   2554.0000000000000        399918.90600000002        2.28283309E-10
   2556.0000000000000        394818.75000000000        2.26336602E-10
   2558.0000000000000        389838.00000000000        2.24389896E-10
   2560.0000000000000        385000.00000000000        2.22573002E-10
   2562.0000000000000        380321.78100000002        2.20756052E-10
   2564.0000000000000        375794.90600000002        2.18939145E-10
   2566.0000000000000        371404.65600000002        2.17251994E-10
   2568.0000000000000        367136.25000000000        2.15564858E-10
   2570.0000000000000        362974.87500000000        2.13877693E-10
   2572.0000000000000        358905.75000000000        2.12320370E-10
   2574.0000000000000        354914.18800000002        2.10633219E-10
   2576.0000000000000        350985.37500000000        2.09075854E-10
   2578.0000000000000        347104.53100000002        2.07518489E-10
   2580.0000000000000        343256.90600000002        2.05961137E-10
   2582.0000000000000        339427.71899999998        2.04273987E-10
   2584.0000000000000        335602.18800000002        2.02716621E-10
   2586.0000000000000        331765.59399999998        2.01029485E-10
   2588.0000000000000        327903.09399999998        1.99472119E-10
   2590.0000000000000        324000.00000000000        1.97784983E-10
   2592.0000000000000        320047.00000000000        1.96097846E-10
   2594.0000000000000        316056.93800000002        1.94410696E-10
   2596.0000000000000        312048.09399999998        1.92593760E-10
   2598.0000000000000        308038.81199999998        1.90906610E-10
   2600.0000000000000        304047.43800000002        1.89219473E-10
   2602.0000000000000        300092.25000000000        1.87532337E-10
   2604.0000000000000        296191.59399999998        1.85845200E-10
   2606.0000000000000        292363.78100000002        1.84158064E-10
   2608.0000000000000        288627.15600000002        1.82600685E-10
   2610.0000000000000        285000.00000000000        1.81043319E-10
   2612.0000000000000        281495.87500000000        1.79615753E-10
   2614.0000000000000        278109.09399999998        1.78188186E-10
   2616.0000000000000        274829.18800000002        1.76890363E-10
   2618.0000000000000        271645.71899999998        1.75592568E-10
   2620.0000000000000        268548.21899999998        1.74294759E-10
   2622.0000000000000        265526.21899999998        1.73126763E-10
   2624.0000000000000        262569.28100000002        1.71828940E-10
   2626.0000000000000        259666.92199999999        1.70660902E-10
   2628.0000000000000        256808.68799999999        1.69492906E-10
   2630.0000000000000        253984.10900000000        1.68324868E-10
   2632.0000000000000        251182.71900000001        1.67156886E-10
   2634.0000000000000        248394.09400000001        1.65988834E-10
   2636.0000000000000        245607.73400000000        1.64820810E-10
   2638.0000000000000        242813.18799999999        1.63523015E-10
   2640.0000000000000        240000.00000000000        1.62225205E-10
   2642.0000000000000        237161.17199999999        1.60927410E-10
   2644.0000000000000        234303.51600000000        1.59499830E-10
   2646.0000000000000        231437.35900000000        1.58072236E-10
   2648.0000000000000        228572.95300000001        1.56644669E-10
   2650.0000000000000        225720.60900000000        1.55217089E-10
   2652.0000000000000        222890.62500000000        1.53919280E-10
   2654.0000000000000        220093.28099999999        1.52491686E-10
   2656.0000000000000        217338.85900000000        1.51064106E-10
   2658.0000000000000        214637.67199999999        1.49766297E-10
   2660.0000000000000        212000.00000000000        1.48468515E-10
   2662.0000000000000        209433.45300000001        1.47300491E-10
   2664.0000000000000        206934.89100000000        1.46002682E-10
   2666.0000000000000        204498.54699999999        1.44964457E-10
   2668.0000000000000        202118.59400000001        1.43796419E-10
   2670.0000000000000        199789.21900000001        1.42758194E-10
   2672.0000000000000        197504.57800000001        1.41719941E-10
   2674.0000000000000        195258.95300000001        1.40811474E-10
   2676.0000000000000        193046.46900000001        1.39773235E-10
   2678.0000000000000        190861.35900000000        1.38735010E-10
   2680.0000000000000        188697.79699999999        1.37826528E-10
   2682.0000000000000        186549.96900000001        1.36788303E-10
   2684.0000000000000        184412.07800000001        1.35879835E-10
   2686.0000000000000        182278.34400000001        1.34841582E-10
   2688.0000000000000        180142.89100000000        1.33803343E-10
   2690.0000000000000        178000.00000000000        1.32765118E-10
   2692.0000000000000        175845.92199999999        1.31726866E-10
   2694.0000000000000        173685.46900000001        1.30558855E-10
   2696.0000000000000        171525.53099999999        1.29455724E-10
   2698.0000000000000        169373.00000000000        1.28313637E-10
   2700.0000000000000        167234.79699999999        1.27184555E-10
   2702.0000000000000        165117.79699999999        1.26042496E-10
   2704.0000000000000        163028.92199999999        1.24926389E-10
   2706.0000000000000        160975.06200000001        1.23836233E-10
   2708.0000000000000        158963.12500000000        1.22759053E-10
   2710.0000000000000        157000.00000000000        1.21733790E-10
   2712.0000000000000        155090.78099999999        1.20747468E-10
   2714.0000000000000        153233.35900000000        1.19800073E-10
   2716.0000000000000        151423.71900000001        1.18878629E-10
   2718.0000000000000        149657.98400000000        1.17996127E-10
   2720.0000000000000        147932.14100000000        1.17139576E-10
   2722.0000000000000        146242.26600000000        1.16308983E-10
   2724.0000000000000        144584.40599999999        1.15491366E-10
   2726.0000000000000        142954.59400000001        1.14686732E-10
   2728.0000000000000        141348.92199999999        1.13895074E-10
   2730.0000000000000        139763.42199999999        1.13090447E-10
   2732.0000000000000        138194.10900000000        1.12298781E-10
   2734.0000000000000        136637.06200000001        1.11494140E-10
   2736.0000000000000        135088.32800000001        1.10689499E-10
   2738.0000000000000        133543.96900000001        1.09858914E-10
   2740.0000000000000        132000.00000000000        1.09015338E-10
   2742.0000000000000        130453.78100000000        1.08145812E-10
   2744.0000000000000        128907.78900000000        1.07263309E-10
   2746.0000000000000        127365.78900000000        1.06354842E-10
   2748.0000000000000        125831.55499999999        1.05459363E-10
   2750.0000000000000        124308.83600000000        1.04550903E-10
   2752.0000000000000        122801.41400000000        1.03642435E-10
   2754.0000000000000        121313.05499999999        1.02746957E-10
   2756.0000000000000        119847.52300000000        1.01877430E-10
   2758.0000000000000        118408.57799999999        1.01020879E-10
   2760.0000000000000        117000.00000000000        1.00190294E-10
   2762.0000000000000        115624.46100000000        9.93986213E-11
   2764.0000000000000        114280.27300000000        9.86329213E-11
   2766.0000000000000        112964.68799999999        9.78802039E-11
   2768.0000000000000        111674.91400000000        9.71664138E-11
   2770.0000000000000        110408.19500000001        9.64655925E-11
   2772.0000000000000        109161.77300000000        9.57777677E-11
   2774.0000000000000        107932.85900000000        9.51158874E-11
   2776.0000000000000        106718.69500000001        9.44410244E-11
   2778.0000000000000        105516.51600000000        9.37921268E-11
   2780.0000000000000        104323.54700000001        9.31302535E-11
   2782.0000000000000        103137.02300000000        9.24683732E-11
   2784.0000000000000        101954.17200000001        9.18064930E-11
   2786.0000000000000        100772.23400000000        9.11316300E-11
   2788.0000000000000        99588.429699999993        9.04308156E-11
   2790.0000000000000        98400.000000000000        8.97300012E-11
   2792.0000000000000        97205.320300000007        8.90032423E-11
   2794.0000000000000        96007.359400000001        8.82634868E-11
   2796.0000000000000        94810.250000000000        8.75107625E-11
   2798.0000000000000        93618.093800000002        8.67580383E-11
   2800.0000000000000        92435.015599999999        8.60053070E-11
   2802.0000000000000        91265.132800000007        8.52525966E-11
   2804.0000000000000        90112.578099999999        8.45128412E-11
   2806.0000000000000        88981.453099999999        8.37860684E-11
   2808.0000000000000        87875.890599999999        8.30722782E-11
   2810.0000000000000        86800.000000000000        8.23844465E-11
   2812.0000000000000        85756.750000000000        8.17225732E-11
   2814.0000000000000        84744.421900000001        8.10996270E-11
   2816.0000000000000        83760.187500000000        8.04896566E-11
   2818.0000000000000        82801.179699999993        7.98926758E-11
   2820.0000000000000        81864.539099999995        7.93216326E-11
   2822.0000000000000        80947.406199999998        7.87635790E-11
   2824.0000000000000        80046.937500000000        7.82185081E-11
   2826.0000000000000        79160.257800000007        7.76734302E-11
   2828.0000000000000        78284.531199999998        7.71413211E-11
   2830.0000000000000        77416.890599999999        7.66092328E-11
   2832.0000000000000        76554.476599999995        7.60641619E-11
   2834.0000000000000        75694.437500000000        7.55320528E-11
   2836.0000000000000        74833.914099999995        7.49869750E-11
   2838.0000000000000        73970.046900000001        7.44289214E-11
   2840.0000000000000        73100.000000000000        7.38578920E-11
   2842.0000000000000        72221.960900000005        7.32738800E-11
   2844.0000000000000        71338.437500000000        7.26768923E-11
   2846.0000000000000        70452.984400000001        7.20669288E-11
   2848.0000000000000        69569.156199999998        7.14569584E-11
   2850.0000000000000        68690.531199999998        7.08469880E-11
   2852.0000000000000        67820.664099999995        7.02500072E-11
   2854.0000000000000        66963.117199999993        6.96400437E-11
   2856.0000000000000        66121.445300000007        6.90560248E-11
   2858.0000000000000        65299.222699999998        6.84849885E-11
   2860.0000000000000        64500.000000000000        6.79399176E-11
   2862.0000000000000        63726.371099999997        6.74078154E-11
   2864.0000000000000        62977.007799999999        6.69016717E-11
   2866.0000000000000        62249.628900000003        6.64214933E-11
   2868.0000000000000        61541.929700000001        6.59542837E-11
   2870.0000000000000        60851.621099999997        6.54870672E-11
   2872.0000000000000        60176.398399999998        6.50458160E-11
   2874.0000000000000        59513.976600000002        6.46045648E-11
   2876.0000000000000        58862.066400000003        6.41762893E-11
   2878.0000000000000        58218.355499999998        6.37350381E-11
   2880.0000000000000        57580.562500000000        6.33067695E-11
   2882.0000000000000        56946.390599999999        6.28655183E-11
   2884.0000000000000        56313.542999999998        6.24372429E-11
   2886.0000000000000        55679.726600000002        6.19830021E-11
   2888.0000000000000        55042.640599999999        6.15287751E-11
   2890.0000000000000        54400.000000000000        6.10485898E-11
   2892.0000000000000        53750.343800000002        6.05554218E-11
   2894.0000000000000        53095.558599999997        6.00622607E-11
   2896.0000000000000        52438.375000000000        5.95431413E-11
   2898.0000000000000        51781.519500000002        5.90369975E-11
   2900.0000000000000        51127.718800000002        5.85178780E-11
   2902.0000000000000        50479.699200000003        5.79987586E-11
   2904.0000000000000        49840.191400000003        5.75055906E-11
   2906.0000000000000        49211.921900000001        5.69994503E-11
   2908.0000000000000        48597.613299999997        5.65192615E-11
   2910.0000000000000        48000.000000000000        5.60650311E-11
   2912.0000000000000        47421.062500000000        5.56237799E-11
   2914.0000000000000        46859.843800000002        5.52084836E-11
   2916.0000000000000        46314.628900000003        5.48061631E-11
   2918.0000000000000        45783.722699999998        5.44168252E-11
   2920.0000000000000        45265.410199999998        5.40404596E-11
   2922.0000000000000        44757.988299999997        5.36770767E-11
   2924.0000000000000        44259.757799999999        5.33266660E-11
   2926.0000000000000        43769.003900000003        5.29762623E-11
   2928.0000000000000        43284.031199999998        5.26258551E-11
   2930.0000000000000        42803.128900000003        5.22754513E-11
   2932.0000000000000        42324.593800000002        5.19120719E-11
   2934.0000000000000        41846.714800000002        5.15486820E-11
   2936.0000000000000        41367.792999999998        5.11852991E-11
   2938.0000000000000        40886.125000000000        5.07959577E-11
   2940.0000000000000        40400.000000000000        5.04066164E-11
   2942.0000000000000        39908.496099999997        4.99913166E-11
   2944.0000000000000        39413.816400000003        4.95760204E-11
   2946.0000000000000        38918.941400000003        4.91477484E-11
   2948.0000000000000        38426.859400000001        4.87064972E-11
   2950.0000000000000        37940.546900000001        4.82782217E-11
   2952.0000000000000        37462.992200000001        4.78499462E-11
   2954.0000000000000        36997.175799999997        4.74346534E-11
   2956.0000000000000        36546.082000000002        4.70323329E-11
   2958.0000000000000        36112.695299999999        4.66559673E-11
   2960.0000000000000        35700.000000000000        4.62925843E-11
   2962.0000000000000        35309.816400000003        4.59551563E-11
   2964.0000000000000        34939.312500000000        4.56566590E-11
   2966.0000000000000        34584.511700000003        4.53581721E-11
   2968.0000000000000        34241.421900000001        4.50856331E-11
   2970.0000000000000        33906.054700000001        4.48260665E-11
   2972.0000000000000        33574.421900000001        4.45665102E-11
   2974.0000000000000        33242.542999999998        4.43069505E-11
   2976.0000000000000        32906.421900000001        4.40344081E-11
   2978.0000000000000        32562.078099999999        4.37618726E-11
   2980.0000000000000        32205.523399999998        4.34763545E-11
   2982.0000000000000        31832.767599999999        4.31778641E-11
   2984.0000000000000        31439.822300000000        4.28404326E-11
   2986.0000000000000        31022.705099999999        4.24900289E-11
   2988.0000000000000        30577.427700000000        4.21006841E-11
   2990.0000000000000        30100.000000000000        4.16724086E-11
   2992.0000000000000        29596.109400000001        4.12181851E-11
   2994.0000000000000        29110.123000000000        4.07639478E-11
   2996.0000000000000        28696.081999999999        4.03875856E-11
   2998.0000000000000        28408.027300000002        4.01150502E-11
