2.00E+02	1.81E+02
2.02E+02	1.82E+02
2.08E+02	1.84E+02
2.12E+02	1.86E+02
2.18E+02	1.89E+02
2.22E+02	1.92E+02
2.28E+02	1.96E+02
2.32E+02	1.99E+02
2.38E+02	2.03E+02
2.42E+02	2.07E+02
2.48E+02	2.12E+02
2.52E+02	2.16E+02
2.58E+02	2.23E+02
2.62E+02	2.28E+02
2.68E+02	2.36E+02
2.72E+02	2.43E+02
2.78E+02	2.52E+02
2.82E+02	2.60E+02
2.88E+02	2.71E+02
2.92E+02	2.81E+02
2.98E+02	2.95E+02
3.02E+02	3.05E+02
3.08E+02	3.20E+02
3.12E+02	3.31E+02
3.18E+02	3.46E+02
3.22E+02	3.56E+02
3.28E+02	3.70E+02
3.32E+02	3.80E+02
3.38E+02	3.93E+02
3.42E+02	4.03E+02
3.48E+02	4.16E+02
3.52E+02	4.25E+02
3.58E+02	4.37E+02
3.62E+02	4.46E+02
3.68E+02	4.58E+02
3.72E+02	4.66E+02
3.78E+02	4.77E+02
3.82E+02	4.85E+02
3.88E+02	4.96E+02
3.92E+02	5.04E+02
3.98E+02	5.14E+02
4.02E+02	5.22E+02
4.08E+02	5.32E+02
4.12E+02	5.39E+02
4.18E+02	5.48E+02
4.22E+02	5.55E+02
4.28E+02	5.64E+02
4.32E+02	5.71E+02
4.38E+02	5.80E+02
4.42E+02	5.86E+02
4.48E+02	5.94E+02
4.52E+02	6.00E+02
4.58E+02	6.08E+02
4.62E+02	6.14E+02
4.68E+02	6.22E+02
4.72E+02	6.28E+02
4.78E+02	6.35E+02
4.82E+02	6.40E+02
4.88E+02	6.47E+02
4.92E+02	6.53E+02
4.98E+02	6.59E+02
5.02E+02	6.64E+02
5.08E+02	6.71E+02
5.12E+02	6.76E+02
5.18E+02	6.82E+02
5.22E+02	6.86E+02
5.28E+02	6.92E+02
5.32E+02	6.97E+02
5.38E+02	7.03E+02
5.42E+02	7.07E+02
5.48E+02	7.12E+02
5.52E+02	7.16E+02
5.58E+02	7.21E+02
5.62E+02	7.25E+02
5.68E+02	7.30E+02
5.72E+02	7.34E+02
5.78E+02	7.39E+02
5.82E+02	7.42E+02
5.88E+02	7.47E+02
5.92E+02	7.50E+02
5.98E+02	7.55E+02
6.02E+02	7.58E+02
6.08E+02	7.63E+02
6.12E+02	7.66E+02
6.18E+02	7.70E+02
6.22E+02	7.73E+02
6.28E+02	7.77E+02
6.32E+02	7.80E+02
6.38E+02	7.83E+02
6.42E+02	7.86E+02
6.48E+02	7.90E+02
6.52E+02	7.92E+02
6.58E+02	7.96E+02
6.62E+02	7.98E+02
6.68E+02	8.02E+02
6.72E+02	8.04E+02
6.78E+02	8.07E+02
6.82E+02	8.10E+02
6.88E+02	8.13E+02
6.92E+02	8.15E+02
6.98E+02	8.18E+02
7.02E+02	8.20E+02
7.08E+02	8.23E+02
7.12E+02	8.25E+02
7.18E+02	8.28E+02
7.22E+02	8.30E+02
7.28E+02	8.32E+02
7.32E+02	8.34E+02
7.38E+02	8.37E+02
7.42E+02	8.39E+02
7.48E+02	8.41E+02
7.52E+02	8.43E+02
7.58E+02	8.45E+02
7.62E+02	8.47E+02
7.68E+02	8.49E+02
7.72E+02	8.51E+02
7.78E+02	8.53E+02
7.82E+02	8.54E+02
7.88E+02	8.56E+02
7.92E+02	8.58E+02
7.98E+02	8.60E+02
8.02E+02	8.61E+02
8.08E+02	8.63E+02
8.12E+02	8.64E+02
8.18E+02	8.66E+02
8.22E+02	8.67E+02
8.28E+02	8.69E+02
8.32E+02	8.70E+02
8.38E+02	8.72E+02
8.42E+02	8.73E+02
8.48E+02	8.75E+02
8.52E+02	8.76E+02
8.58E+02	8.77E+02
8.62E+02	8.78E+02
8.68E+02	8.80E+02
8.72E+02	8.81E+02
8.78E+02	8.82E+02
8.82E+02	8.83E+02
8.88E+02	8.85E+02
8.92E+02	8.86E+02
8.98E+02	8.87E+02
9.02E+02	8.88E+02
9.08E+02	8.89E+02
9.12E+02	8.90E+02
9.18E+02	8.91E+02
9.22E+02	8.92E+02
9.28E+02	8.93E+02
9.32E+02	8.94E+02
9.38E+02	8.95E+02
9.42E+02	8.96E+02
9.48E+02	8.97E+02
9.52E+02	8.98E+02
9.58E+02	8.99E+02
9.62E+02	9.00E+02
9.68E+02	9.00E+02
9.72E+02	9.01E+02
9.78E+02	9.02E+02
9.82E+02	9.03E+02
9.88E+02	9.04E+02
9.92E+02	9.04E+02
9.98E+02	9.05E+02
1.01E+03	9.07E+02
1.04E+03	9.11E+02
1.06E+03	9.13E+02
1.09E+03	9.16E+02
1.11E+03	9.18E+02
1.14E+03	9.21E+02
1.16E+03	9.22E+02
1.19E+03	9.24E+02
1.21E+03	9.26E+02
1.24E+03	9.27E+02
1.26E+03	9.28E+02
1.29E+03	9.30E+02
1.31E+03	9.31E+02
1.34E+03	9.32E+02
1.36E+03	9.32E+02
1.39E+03	9.33E+02
1.41E+03	9.34E+02
1.44E+03	9.35E+02
1.46E+03	9.35E+02
1.49E+03	9.36E+02
1.51E+03	9.36E+02
1.54E+03	9.36E+02
1.56E+03	9.37E+02
1.59E+03	9.37E+02
1.61E+03	9.37E+02
1.64E+03	9.38E+02
1.66E+03	9.38E+02
1.69E+03	9.38E+02
1.71E+03	9.38E+02
1.74E+03	9.38E+02
1.76E+03	9.39E+02
1.79E+03	9.39E+02
1.81E+03	9.39E+02
1.84E+03	9.39E+02
1.86E+03	9.39E+02
1.89E+03	9.39E+02
1.91E+03	9.39E+02
1.94E+03	9.39E+02
1.96E+03	9.39E+02
1.99E+03	9.39E+02
2.01E+03	9.40E+02
2.04E+03	9.40E+02
2.06E+03	9.40E+02
2.09E+03	9.40E+02
2.11E+03	9.40E+02
2.14E+03	9.40E+02
2.16E+03	9.40E+02
2.19E+03	9.40E+02
2.21E+03	9.40E+02
2.24E+03	9.40E+02
2.26E+03	9.40E+02
2.29E+03	9.40E+02
2.31E+03	9.40E+02
2.34E+03	9.40E+02
2.36E+03	9.40E+02
2.39E+03	9.40E+02
2.41E+03	9.40E+02
2.44E+03	9.40E+02
2.46E+03	9.40E+02
2.49E+03	9.40E+02
2.51E+03	9.40E+02
2.54E+03	9.40E+02
2.56E+03	9.40E+02
2.59E+03	9.40E+02
2.61E+03	9.40E+02
2.64E+03	9.40E+02
2.66E+03	9.40E+02
2.69E+03	9.40E+02
2.71E+03	9.40E+02
2.74E+03	9.40E+02
2.76E+03	9.40E+02
2.79E+03	9.40E+02
2.81E+03	9.40E+02
2.84E+03	9.40E+02
2.86E+03	9.40E+02
2.89E+03	9.40E+02
2.91E+03	9.40E+02
2.94E+03	9.40E+02
2.96E+03	9.40E+02
2.99E+03	9.40E+02
3.00E+03	9.40E+02